[329.382, 134.447, -61.3843, -333.714, 207.131, -195.614, -80.1724]
[329.382, 134.75, -61.3843, -334.017, 207.131, -195.614, -80.1724]
[329.382, 138.825, -65.4595, -334.017, 207.131, -195.614, -80.1724]
[329.382, 138.825, -65.4595, -334.164, 207.278, -195.614, -80.1724]
[330.007, 138.825, -66.0847, -334.164, 207.278, -195.614, -80.1724]
[330.007, 138.825, -66.0847, -334.311, 207.425, -195.614, -80.1724]
[330.007, 138.825, -66.0847, -336.723, 207.425, -195.614, -77.7598]
[337.506, 138.825, -66.0847, -336.723, 199.926, -195.614, -77.7598]
[338.017, 138.825, -66.0847, -336.723, 199.926, -195.614, -78.2713]
[338.017, 139.952, -66.0847, -336.723, 199.926, -196.74, -78.2713]
[338.174, 139.952, -66.0847, -336.723, 199.926, -196.897, -78.2713]
[338.174, 139.952, -66.0847, -336.723, 201.853, -196.897, -80.1981]
[338.174, 143.686, -69.8191, -336.723, 201.853, -196.897, -80.1981]
[311.86, 143.686, -69.8191, -336.723, 228.166, -196.897, -80.1981]
[311.86, 143.686, -67.677, -338.865, 228.166, -196.897, -80.1981]
[311.91, 143.686, -67.677, -338.915, 228.166, -196.897, -80.1981]
[317.091, 138.505, -67.677, -338.915, 228.166, -196.897, -80.1981]
[317.284, 138.505, -67.677, -338.915, 228.166, -197.089, -80.1981]
[317.284, 138.505, -67.677, -338.915, 229.613, -197.089, -81.645]
[317.284, 138.505, -67.677, -341.258, 229.613, -197.089, -79.3016]
[317.329, 138.505, -67.677, -341.304, 229.613, -197.089, -79.3016]
[317.521, 138.505, -67.677, -341.304, 229.613, -197.281, -79.3016]
[317.521, 138.505, -67.677, -341.413, 229.722, -197.281, -79.3016]
[318.208, 138.505, -68.3642, -341.413, 229.722, -197.281, -79.3016]
[318.208, 138.775, -68.3642, -341.683, 229.722, -197.281, -79.3016]
[318.208, 138.775, -68.3642, -341.683, 231.16, -197.281, -80.7394]
[318.208, 139.883, -68.3642, -341.683, 231.16, -198.39, -80.7394]
[318.253, 139.883, -68.3642, -341.728, 231.16, -198.39, -80.7394]
[318.253, 139.883, -68.3642, -341.728, 231.605, -198.834, -80.7394]
[318.253, 139.883, -68.3642, -341.834, 231.711, -198.834, -80.7394]
[318.253, 139.883, -66.3498, -343.849, 231.711, -198.834, -80.7394]
[318.253, 139.883, -66.3498, -343.849, 232.151, -199.274, -80.7394]
[318.253, 140.959, -66.3498, -343.849, 232.151, -200.35, -80.7394]
[318.253, 141.216, -66.3498, -344.106, 232.151, -200.35, -80.7394]
[318.944, 141.216, -67.0411, -344.106, 232.151, -200.35, -80.7394]
[318.944, 144.878, -70.7025, -344.106, 232.151, -200.35, -80.7394]
[318.944, 145.892, -70.7025, -344.106, 232.151, -201.365, -80.7394]
[318.944, 145.892, -70.7025, -344.209, 232.255, -201.365, -80.7394]
[319.54, 145.892, -70.7025, -344.209, 232.255, -201.365, -81.3356]
[319.54, 145.892, -68.6889, -346.223, 232.255, -201.365, -81.3356]
[319.54, 145.892, -66.7501, -348.162, 232.255, -201.365, -81.3356]
[319.54, 145.892, -64.8809, -350.031, 232.255, -201.365, -81.3356]
[319.54, 145.892, -64.8809, -350.031, 233.631, -201.365, -82.712]
[319.54, 145.892, -64.8809, -352.165, 233.631, -201.365, -80.5781]
[319.54, 145.892, -64.8809, -352.259, 233.725, -201.365, -80.5781]
[319.54, 145.892, -64.8809, -352.259, 235.092, -201.365, -81.9451]
[329.474, 145.892, -64.8809, -352.259, 225.159, -201.365, -81.9451]
[334.019, 141.347, -64.8809, -352.259, 225.159, -201.365, -81.9451]
[334.019, 141.347, -64.8809, -325.198, 225.159, -228.426, -81.9451]
[338.219, 137.147, -64.8809, -325.198, 225.159, -228.426, -81.9451]
[338.219, 137.147, -64.8809, -325.332, 225.293, -228.426, -81.9451]
[338.263, 137.147, -64.8809, -325.376, 225.293, -228.426, -81.9451]
[338.263, 137.979, -64.8809, -325.376, 225.293, -229.258, -81.9451]
[338.263, 137.979, -64.8809, -328.039, 225.293, -229.258, -79.2818]
[338.263, 137.979, -64.8809, -328.039, 226.793, -229.258, -80.7821]
[338.263, 137.979, -64.8809, -328.167, 226.922, -229.258, -80.7821]
[338.263, 138.798, -64.8809, -328.167, 226.922, -230.077, -80.7821]
[338.305, 138.798, -64.8809, -328.209, 226.922, -230.077, -80.7821]
[338.305, 138.798, -64.8809, -330.776, 226.922, -230.077, -78.2151]
[338.305, 138.798, -62.7184, -332.939, 226.922, -230.077, -78.2151]
[338.305, 142.685, -66.6052, -332.939, 226.922, -230.077, -78.2151]
[338.81, 142.685, -66.6052, -332.939, 226.922, -230.077, -78.7204]
[338.81, 146.313, -70.2332, -332.939, 226.922, -230.077, -78.7204]
[338.81, 149.713, -73.6334, -332.939, 226.922, -230.077, -78.7204]
[338.81, 152.911, -76.8317, -332.939, 226.922, -230.077, -78.7204]
[346.946, 152.911, -76.8317, -332.939, 218.785, -230.077, -78.7204]
[346.946, 153.614, -76.8317, -332.939, 218.785, -230.779, -78.7204]
[346.983, 153.614, -76.8317, -332.975, 218.785, -230.779, -78.7204]
[347.453, 153.614, -77.3019, -332.975, 218.785, -230.779, -78.7204]
[347.555, 153.614, -77.3019, -332.975, 218.785, -230.881, -78.7204]
[347.555, 154.306, -77.3019, -332.975, 218.785, -231.573, -78.7204]
[348.02, 154.306, -77.7673, -332.975, 218.785, -231.573, -78.7204]
[348.02, 154.306, -77.7673, -332.975, 219.147, -231.935, -78.7204]
[348.02, 157.26, -80.7222, -332.975, 219.147, -231.935, -78.7204]
[348.02, 157.26, -78.2672, -335.43, 219.147, -231.935, -78.7204]
[348.02, 157.26, -78.2672, -335.43, 219.506, -232.294, -78.7204]
[348.477, 157.26, -78.2672, -335.43, 219.506, -232.294, -79.1772]
[348.934, 157.26, -78.724, -335.43, 219.506, -232.294, -79.1772]
[348.969, 157.26, -78.724, -335.466, 219.506, -232.294, -79.1772]
[349.068, 157.26, -78.724, -335.466, 219.506, -232.392, -79.1772]
[349.068, 157.26, -78.724, -335.594, 219.634, -232.392, -79.1772]
[349.068, 157.498, -78.724, -335.831, 219.634, -232.392, -79.1772]
[349.068, 160.343, -81.5691, -335.831, 219.634, -232.392, -79.1772]
[349.068, 160.343, -81.5691, -344.497, 219.634, -223.727, -79.1772]
[349.175, 160.343, -81.5691, -344.497, 219.634, -223.834, -79.1772]
[349.624, 160.343, -81.5691, -344.497, 219.634, -223.834, -79.6268]
[349.624, 160.343, -81.5691, -344.613, 219.751, -223.834, -79.6268]
[349.624, 161.037, -81.5691, -344.613, 219.751, -224.528, -79.6268]
[349.624, 161.037, -81.5691, -344.73, 219.868, -224.528, -79.6268]
[356.715, 161.037, -81.5691, -344.73, 212.777, -224.528, -79.6268]
[356.715, 161.037, -81.5691, -352.367, 212.777, -216.891, -79.6268]
[360.807, 156.946, -81.5691, -352.367, 212.777, -216.891, -79.6268]
[364.614, 153.139, -81.5691, -352.367, 212.777, -216.891, -79.6268]
[364.998, 153.139, -81.5691, -352.367, 212.777, -216.891, -80.0112]
[364.998, 153.348, -81.5691, -352.577, 212.777, -216.891, -80.0112]
[364.998, 153.348, -81.5691, -359.343, 212.777, -210.125, -80.0112]
[365.379, 153.348, -81.5691, -359.343, 212.777, -210.125, -80.3926]
[365.379, 153.348, -81.5691, -365.41, 212.777, -204.058, -80.3926]
[365.379, 153.348, -81.5691, -365.41, 213.281, -204.561, -80.3926]
[368.92, 149.808, -81.5691, -365.41, 213.281, -204.561, -80.3926]
[368.92, 150.736, -81.5691, -365.41, 213.281, -205.49, -80.3926]
[368.92, 153.685, -84.5178, -365.41, 213.281, -205.49, -80.3926]
[368.92, 153.685, -84.5178, -365.511, 213.382, -205.49, -80.3926]
[369.285, 153.685, -84.5178, -365.511, 213.382, -205.49, -80.7581]
[369.285, 153.685, -84.5178, -371.061, 213.382, -199.94, -80.7581]
[369.635, 153.685, -84.8675, -371.061, 213.382, -199.94, -80.7581]
[369.635, 153.685, -84.8675, -371.061, 215.039, -199.94, -82.4152]
[369.635, 153.685, -84.8675, -371.061, 215.552, -200.453, -82.4152]
[369.635, 153.685, -84.8675, -371.154, 215.645, -200.453, -82.4152]
[369.635, 153.857, -84.8675, -371.327, 215.645, -200.453, -82.4152]
[369.635, 153.857, -84.8675, -376.394, 215.645, -195.386, -82.4152]
[369.751, 153.857, -84.8675, -376.394, 215.645, -195.502, -82.4152]
[375.579, 153.857, -84.8675, -376.394, 209.817, -195.502, -82.4152]
[375.579, 156.638, -87.6483, -376.394, 209.817, -195.502, -82.4152]
[375.579, 156.638, -87.6483, -381.045, 209.817, -190.85, -82.4152]
[375.898, 156.638, -87.9668, -381.045, 209.817, -190.85, -82.4152]
[376.012, 156.638, -87.9668, -381.045, 209.817, -190.964, -82.4152]
[376.012, 156.638, -87.9668, -381.135, 209.906, -190.964, -82.4152]
[376.012, 156.638, -87.9668, -385.428, 209.906, -186.671, -82.4152]
[379.327, 153.323, -87.9668, -385.428, 209.906, -186.671, -82.4152]
[379.327, 153.323, -87.9668, -385.428, 211.592, -186.671, -84.1011]
[379.327, 154.391, -87.9668, -385.428, 211.592, -187.738, -84.1011]
[379.327, 154.391, -87.9668, -385.512, 211.676, -187.738, -84.1011]
[379.645, 154.391, -87.9668, -385.512, 211.676, -187.738, -84.419]
[379.645, 154.391, -87.9668, -387.063, 211.676, -187.738, -82.868]
[379.758, 154.391, -87.9668, -387.063, 211.676, -187.851, -82.868]
[379.758, 154.391, -87.9668, -391.03, 211.676, -183.885, -82.868]
[379.758, 154.391, -87.9668, -391.03, 213.327, -183.885, -84.5187]
[379.773, 154.391, -87.9668, -391.044, 213.327, -183.885, -84.5187]
[379.773, 154.391, -86.4449, -392.566, 213.327, -183.885, -84.5187]
[379.773, 154.529, -86.4449, -392.705, 213.327, -183.885, -84.5187]
[380.082, 154.529, -86.7541, -392.705, 213.327, -183.885, -84.5187]
[380.082, 154.529, -85.2734, -394.186, 213.327, -183.885, -84.5187]
[380.096, 154.529, -85.2734, -394.2, 213.327, -183.885, -84.5187]
[380.408, 154.529, -85.5852, -394.2, 213.327, -183.885, -84.5187]
[380.408, 154.529, -85.5852, -397.795, 213.327, -180.29, -84.5187]
[380.408, 154.529, -85.5852, -397.795, 214.927, -180.29, -86.1184]
[383.534, 151.403, -85.5852, -397.795, 214.927, -180.29, -86.1184]
[383.534, 151.539, -85.5852, -397.931, 214.927, -180.29, -86.1184]
[383.834, 151.539, -85.8857, -397.931, 214.927, -180.29, -86.1184]
[383.834, 152.694, -85.8857, -397.931, 214.927, -181.445, -86.1184]
[383.834, 152.694, -85.8857, -399.331, 214.927, -181.445, -84.7184]
[383.834, 152.694, -85.8857, -399.331, 216.499, -181.445, -86.2909]
[383.834, 152.694, -85.8857, -402.69, 216.499, -178.085, -86.2909]
[383.834, 152.694, -84.5511, -404.025, 216.499, -178.085, -86.2909]
[383.834, 152.694, -84.5511, -407.149, 216.499, -174.961, -86.2909]
[383.834, 152.694, -84.5511, -407.149, 218.025, -174.961, -87.817]
[383.834, 152.694, -84.5511, -407.149, 219.507, -174.961, -89.2992]
[383.834, 152.694, -84.5511, -407.149, 220.948, -174.961, -90.7401]
[386.814, 149.714, -84.5511, -407.149, 220.948, -174.961, -90.7401]
[386.814, 149.839, -84.5511, -407.274, 220.948, -174.961, -90.7401]
[389.64, 147.014, -84.5511, -407.274, 220.948, -174.961, -90.7401]
[389.909, 147.014, -84.5511, -407.274, 220.948, -174.961, -91.0088]
[389.909, 147.014, -84.5511, -410.223, 220.948, -172.012, -91.0088]
[389.909, 147.014, -84.5511, -410.283, 221.008, -172.012, -91.0088]
[389.92, 147.014, -84.5511, -410.294, 221.008, -172.012, -91.0088]
[390.187, 147.014, -84.5511, -410.294, 221.008, -172.012, -91.276]
[390.187, 147.014, -84.5511, -410.354, 221.068, -172.012, -91.276]
[390.471, 147.014, -84.8353, -410.354, 221.068, -172.012, -91.276]
[395.601, 147.014, -84.8353, -410.354, 215.938, -172.012, -91.276]
[395.601, 147.014, -84.8353, -410.354, 216.607, -172.681, -91.276]
[395.601, 147.014, -84.8353, -411.659, 216.607, -172.681, -89.9703]
[400.33, 147.014, -84.8353, -411.659, 211.879, -172.681, -89.9703]
[400.586, 147.014, -85.0915, -411.659, 211.879, -172.681, -89.9703]
[400.586, 148.312, -85.0915, -411.659, 211.879, -173.979, -89.9703]
[400.586, 148.312, -85.0915, -414.467, 211.879, -171.172, -89.9703]
[400.586, 151.231, -88.0109, -414.467, 211.879, -171.172, -89.9703]
[400.586, 152.496, -88.0109, -414.467, 211.879, -172.437, -89.9703]
[400.586, 152.496, -88.0109, -417.165, 211.879, -169.739, -89.9703]
[400.833, 152.496, -88.2586, -417.165, 211.879, -169.739, -89.9703]
[400.833, 152.496, -88.2586, -419.732, 211.879, -167.172, -89.9703]
[401.076, 152.496, -88.2586, -419.732, 211.879, -167.172, -90.2126]
[401.076, 152.496, -88.2586, -422.18, 211.879, -164.724, -90.2126]
[401.076, 152.601, -88.2586, -422.285, 211.879, -164.724, -90.2126]
[403.618, 150.059, -88.2586, -422.285, 211.879, -164.724, -90.2126]
[403.618, 150.059, -87.1279, -423.416, 211.879, -164.724, -90.2126]
[403.618, 150.059, -87.1279, -424.555, 211.879, -164.724, -89.0729]
[403.618, 150.059, -87.1279, -424.612, 211.935, -164.724, -89.0729]
[403.861, 150.059, -87.3704, -424.612, 211.935, -164.724, -89.0729]
[404.098, 150.059, -87.3704, -424.612, 211.935, -164.724, -89.3102]
[404.098, 150.059, -86.2743, -425.708, 211.935, -164.724, -89.3102]
[404.106, 150.059, -86.2743, -425.716, 211.935, -164.724, -89.3102]
[406.521, 147.644, -86.2743, -425.716, 211.935, -164.724, -89.3102]
[406.521, 147.644, -86.2743, -425.772, 211.991, -164.724, -89.3102]
[408.829, 145.335, -86.2743, -425.772, 211.991, -164.724, -89.3102]
[408.936, 145.335, -86.2743, -425.772, 211.991, -164.83, -89.3102]
[408.936, 148.303, -89.2417, -425.772, 211.991, -164.83, -89.3102]
[412.982, 148.303, -89.2417, -425.772, 207.945, -164.83, -89.3102]
[413.198, 148.303, -89.458, -425.772, 207.945, -164.83, -89.3102]
[413.198, 148.303, -89.458, -425.772, 208.721, -165.606, -89.3102]
[413.198, 149.675, -89.458, -425.772, 208.721, -166.978, -89.3102]
[413.414, 149.675, -89.458, -425.772, 208.721, -166.978, -89.5259]
[413.414, 149.675, -88.3521, -426.878, 208.721, -166.978, -89.5259]
[413.629, 149.675, -88.3521, -426.878, 208.721, -166.978, -89.7407]
[413.728, 149.675, -88.3521, -426.878, 208.721, -167.077, -89.7407]
[413.735, 149.675, -88.3521, -426.886, 208.721, -167.077, -89.7407]
[413.735, 149.778, -88.3521, -426.989, 208.721, -167.077, -89.7407]
[413.735, 151.112, -88.3521, -426.989, 208.721, -168.411, -89.7407]
[413.735, 118.168, -88.3521, -394.045, 208.721, -168.411, -89.7407]
[417.504, 118.168, -88.3521, -394.045, 204.953, -168.411, -89.7407]
[417.504, 118.168, -88.3521, -397.178, 204.953, -165.278, -89.7407]
[417.504, 118.168, -88.3521, -397.258, 205.033, -165.278, -89.7407]
[417.504, 118.168, -88.3521, -398.717, 205.033, -165.278, -88.282]
[417.504, 118.168, -88.3521, -398.717, 206.703, -165.278, -89.952]
[417.504, 118.168, -77.8887, -398.717, 206.703, -175.742, -89.952]
[417.591, 118.168, -77.8887, -398.717, 206.703, -175.829, -89.952]
[417.591, 118.355, -77.8887, -398.904, 206.703, -175.829, -89.952]
[417.678, 118.355, -77.8887, -398.904, 206.703, -175.916, -89.952]
[417.678, -93.7405, 134.207, -398.904, 206.703, -175.916, -89.952]
[417.883, -93.7405, 134.207, -398.904, 206.703, -175.916, -90.1571]
[417.883, -93.7405, 135.63, -398.904, 206.703, -177.339, -90.1571]
[418.088, -93.7405, 135.63, -398.904, 206.703, -177.339, -90.3612]
[418.088, -93.7405, 135.63, -400.348, 206.703, -177.339, -88.9168]
[418.294, -93.7405, 135.63, -400.348, 206.703, -177.339, -89.1231]
[418.294, -93.7405, 137.015, -400.348, 206.703, -178.724, -89.1231]
[418.303, -93.7405, 137.015, -400.358, 206.703, -178.724, -89.1231]
[418.303, -96.7311, 140.005, -400.358, 206.703, -178.724, -89.1231]
[418.303, -96.7311, 140.005, -400.358, 208.333, -178.724, -90.7538]
[418.303, -96.7311, 140.005, -400.433, 208.408, -178.724, -90.7538]
[418.312, -96.7311, 140.005, -400.442, 208.408, -178.724, -90.7538]
[418.312, -96.7311, 141.315, -400.442, 208.408, -180.034, -90.7538]
[418.395, -96.7311, 141.315, -400.442, 208.408, -180.117, -90.7538]
[418.586, -96.9214, 141.315, -400.442, 208.408, -180.117, -90.7538]
[418.586, -96.9214, 142.592, -400.442, 208.408, -181.394, -90.7538]
[418.586, -96.9214, 142.736, -400.586, 208.408, -181.394, -90.7538]
[418.595, -96.9214, 142.736, -400.595, 208.408, -181.394, -90.7538]
[420.564, -96.9214, 140.766, -400.595, 208.408, -181.394, -90.7538]
[420.564, -96.9214, 140.766, -400.67, 208.483, -181.394, -90.7538]
[420.564, -99.7287, 143.574, -400.67, 208.483, -181.394, -90.7538]
[422.513, -99.7287, 141.625, -400.67, 208.483, -181.394, -90.7538]
[422.513, -99.7287, 142.882, -400.67, 208.483, -182.651, -90.7538]
[425.991, -99.7287, 142.882, -400.67, 205.005, -182.651, -90.7538]
[425.991, -99.7287, 144.109, -400.67, 205.005, -183.878, -90.7538]
[425.999, -99.7287, 144.109, -400.678, 205.005, -183.878, -90.7538]
[392.963, -99.7287, 144.109, -367.641, 205.005, -183.878, -90.7538]
[392.963, -99.7287, 144.109, -367.749, 205.113, -183.878, -90.7538]
[392.963, -99.7287, 144.306, -367.945, 205.113, -183.878, -90.7538]
[392.979, -99.7287, 144.306, -367.962, 205.113, -183.878, -90.7538]
[393.239, -99.7287, 144.306, -367.962, 205.113, -183.878, -91.0137]
[393.255, -99.7287, 144.306, -367.978, 205.113, -183.878, -91.0137]
[393.255, -99.7287, 144.306, -368.085, 205.22, -183.878, -91.0137]
[393.255, -99.7287, 145.502, -368.085, 205.22, -185.074, -91.0137]
[393.255, -102.348, 148.122, -368.085, 205.22, -185.074, -91.0137]
[393.255, -104.844, 150.617, -368.085, 205.22, -185.074, -91.0137]
[393.514, -104.844, 150.617, -368.085, 205.22, -185.074, -91.2722]
[393.739, -105.069, 150.617, -368.085, 205.22, -185.074, -91.2722]
[393.995, -105.069, 150.617, -368.085, 205.22, -185.074, -91.5289]
[393.995, -105.069, 150.617, -335.146, 172.281, -185.074, -91.5289]
[393.995, -105.069, 150.617, -335.352, 172.486, -185.074, -91.5289]
[397.247, -105.069, 150.617, -335.352, 169.235, -185.074, -91.5289]
[397.247, -105.069, 150.617, -335.563, 169.446, -185.074, -91.5289]
[397.247, -105.069, 151.73, -335.563, 169.446, -186.187, -91.5289]
[397.463, -105.285, 151.73, -335.563, 169.446, -186.187, -91.5289]
[397.463, -102.281, 151.73, -338.567, 169.446, -186.187, -91.5289]
[397.463, -104.697, 154.146, -338.567, 169.446, -186.187, -91.5289]
[397.463, -104.697, 154.146, -341.143, 169.446, -186.187, -88.9527]
[397.463, -104.697, 154.146, -341.342, 169.645, -186.187, -88.9527]
[397.716, -104.697, 154.146, -341.342, 169.645, -186.187, -89.2058]
[397.716, -101.863, 154.146, -344.176, 169.645, -186.187, -89.2058]
[397.938, -102.085, 154.146, -344.176, 169.645, -186.187, -89.2058]
[397.938, -102.085, 154.146, -346.57, 169.645, -186.187, -86.8117]
[367.548, -102.085, 184.536, -346.57, 169.645, -186.187, -86.8117]
[367.548, -102.085, 185.328, -346.57, 169.645, -186.978, -86.8117]
[367.548, -102.085, 185.328, -352.14, 169.645, -181.409, -86.8117]
[372.146, -102.085, 180.729, -352.14, 169.645, -181.409, -86.8117]
[372.146, -102.085, 180.729, -357.213, 169.645, -176.336, -86.8117]
[372.146, -103.929, 182.574, -357.213, 169.645, -176.336, -86.8117]
[372.427, -104.21, 182.574, -357.213, 169.645, -176.336, -86.8117]
[372.449, -104.21, 182.574, -357.235, 169.645, -176.336, -86.8117]
[376.753, -104.21, 178.27, -357.235, 169.645, -176.336, -86.8117]
[376.753, -106.06, 180.12, -357.235, 169.645, -176.336, -86.8117]
[377.071, -106.06, 180.12, -357.235, 169.645, -176.336, -87.1292]
[377.071, -106.06, 180.12, -359.314, 169.645, -176.336, -85.0503]
[377.393, -106.06, 180.12, -359.314, 169.645, -176.336, -85.3723]
[377.393, -106.06, 180.12, -359.314, 172.038, -176.336, -87.7653]
[377.705, -106.06, 180.12, -359.314, 172.038, -176.336, -88.0778]
[377.705, -106.06, 180.27, -359.464, 172.038, -176.336, -88.0778]
[377.705, -106.06, 181.178, -359.464, 172.038, -177.244, -88.0778]
[377.705, -106.06, 181.178, -359.625, 172.2, -177.244, -88.0778]
[377.705, -106.06, 181.178, -359.625, 173.174, -178.218, -88.0778]
[381.767, -106.06, 177.117, -359.625, 173.174, -178.218, -88.0778]
[381.888, -106.06, 177.117, -359.625, 173.174, -178.34, -88.0778]
[385.665, -106.06, 173.34, -359.625, 173.174, -178.34, -88.0778]
[385.665, -106.06, 173.34, -364.261, 173.174, -173.704, -88.0778]
[385.952, -106.06, 173.34, -364.261, 173.174, -173.704, -88.3648]
[385.952, -106.06, 173.34, -364.261, 174.172, -174.702, -88.3648]
[385.952, -106.06, 173.34, -364.412, 174.323, -174.702, -88.3648]
[385.952, -106.06, 173.34, -364.412, 176.551, -174.702, -90.593]
[385.952, -106.06, 174.327, -364.412, 176.551, -175.689, -90.593]
[385.952, -106.06, 175.296, -364.412, 176.551, -176.658, -90.593]
[386.231, -106.06, 175.296, -364.412, 176.551, -176.658, -90.8721]
[389.846, -106.06, 175.296, -364.412, 172.936, -176.658, -90.8721]
[389.846, -106.06, 175.296, -368.796, 172.936, -172.274, -90.8721]
[389.846, -106.06, 175.296, -370.728, 172.936, -172.274, -88.9404]
[389.966, -106.06, 175.296, -370.728, 172.936, -172.393, -88.9404]
[389.966, -106.06, 175.296, -370.728, 173.949, -173.406, -88.9404]
[390.196, -106.29, 175.296, -370.728, 173.949, -173.406, -88.9404]
[393.605, -106.29, 175.296, -370.728, 170.54, -173.406, -88.9404]
[393.868, -106.29, 175.296, -370.728, 170.54, -173.406, -89.2034]
[393.868, -106.29, 176.277, -370.728, 170.54, -174.387, -89.2034]
[393.868, -104.098, 176.277, -372.92, 170.54, -174.387, -89.2034]
[393.868, -104.098, 176.412, -373.056, 170.54, -174.387, -89.2034]
[393.868, -105.983, 178.298, -373.056, 170.54, -174.387, -89.2034]
[397.298, -105.983, 174.868, -373.056, 170.54, -174.387, -89.2034]
[397.313, -105.983, 174.868, -373.071, 170.54, -174.387, -89.2034]
[397.527, -106.198, 174.868, -373.071, 170.54, -174.387, -89.2034]
[397.527, -106.198, 174.868, -373.071, 171.557, -175.405, -89.2034]
[397.527, -106.198, 174.868, -373.071, 172.555, -176.402, -89.2034]
[397.527, -106.198, 174.868, -377.127, 172.555, -172.346, -89.2034]
[397.527, -106.198, 175.863, -377.127, 172.555, -173.341, -89.2034]
[397.527, -106.198, 175.863, -377.127, 174.802, -173.341, -91.451]
[397.527, -106.198, 175.863, -377.127, 175.789, -174.328, -91.451]
[397.527, -106.198, 175.863, -378.922, 175.789, -174.328, -89.6556]
[400.774, -106.198, 172.616, -378.922, 175.789, -174.328, -89.6556]
[400.981, -106.404, 172.616, -378.922, 175.789, -174.328, -89.6556]
[404.037, -106.404, 169.559, -378.922, 175.789, -174.328, -89.6556]
[404.272, -106.404, 169.559, -378.922, 175.789, -174.328, -89.891]
[404.373, -106.404, 169.559, -378.922, 175.789, -174.429, -89.891]
[404.387, -106.404, 169.559, -378.935, 175.789, -174.429, -89.891]
[404.387, -106.404, 169.696, -379.072, 175.789, -174.429, -89.891]
[404.387, -106.404, 169.696, -379.072, 177.956, -174.429, -92.0578]
[407.272, -106.404, 166.811, -379.072, 177.956, -174.429, -92.0578]
[407.272, -106.404, 167.865, -379.072, 177.956, -175.483, -92.0578]
[407.272, -106.404, 168.004, -379.211, 177.956, -175.483, -92.0578]
[407.272, -108.401, 170, -379.211, 177.956, -175.483, -92.0578]
[407.272, -108.401, 170, -379.211, 178.892, -176.42, -92.0578]
[407.272, -110.324, 171.923, -379.211, 178.892, -176.42, -92.0578]
[407.368, -110.324, 171.923, -379.211, 178.892, -176.516, -92.0578]
[407.368, -110.324, 171.923, -379.211, 179.811, -177.435, -92.0578]
[407.368, -110.324, 171.923, -379.211, 180.714, -178.338, -92.0578]
[374.335, -110.324, 171.923, -346.178, 180.714, -178.338, -92.0578]
[374.335, -110.324, 171.923, -346.178, 182.742, -178.338, -94.0854]
[374.36, -110.324, 171.923, -346.203, 182.742, -178.338, -94.0854]
[378.599, -110.324, 171.923, -346.203, 178.502, -178.338, -94.0854]
[378.599, -110.324, 171.923, -346.203, 180.533, -178.338, -96.1165]
[378.599, -110.324, 171.923, -346.372, 180.703, -178.338, -96.1165]
[378.599, -107.474, 171.923, -349.222, 180.703, -178.338, -96.1165]
[378.725, -107.474, 171.923, -349.222, 180.703, -178.464, -96.1165]
[382.733, -107.474, 171.923, -349.222, 176.695, -178.464, -96.1165]
[382.977, -107.718, 171.923, -349.222, 176.695, -178.464, -96.1165]
[382.977, -107.718, 171.923, -349.222, 145.676, -178.464, -65.0981]
[382.977, -107.718, 171.923, -349.222, 149.257, -178.464, -68.6784]
[382.977, -107.718, 171.923, -349.222, 152.615, -178.464, -72.0364]
[382.999, -107.718, 171.923, -349.244, 152.615, -178.464, -72.0364]
[382.999, -107.718, 171.923, -351.188, 152.615, -178.464, -70.0917]
[382.999, -107.718, 171.923, -351.188, 153.778, -179.627, -70.0917]
[386.569, -107.718, 168.353, -351.188, 153.778, -179.627, -70.0917]
[386.909, -107.718, 168.353, -351.188, 153.778, -179.627, -70.4316]
[386.93, -107.718, 168.353, -351.209, 153.778, -179.627, -70.4316]
[353.905, -107.718, 168.353, -318.184, 153.778, -179.627, -70.4316]
[354.229, -108.041, 168.353, -318.184, 153.778, -179.627, -70.4316]
[358.152, -108.041, 168.353, -318.184, 149.855, -179.627, -70.4316]
[358.152, -108.041, 168.353, -320.744, 149.855, -179.627, -67.8723]
[358.152, -108.041, 169.341, -320.744, 149.855, -180.615, -67.8723]
[358.152, -108.041, 169.341, -327.274, 149.855, -174.085, -67.8723]
[358.612, -108.041, 169.341, -327.274, 149.855, -174.085, -68.3323]
[362.939, -108.041, 165.014, -327.274, 149.855, -174.085, -68.3323]
[362.939, -108.041, 165.253, -327.513, 149.855, -174.085, -68.3323]
[362.972, -108.041, 165.253, -327.546, 149.855, -174.085, -68.3323]
[362.972, -108.041, 165.49, -327.783, 149.855, -174.085, -68.3323]
[366.999, -108.041, 161.463, -327.783, 149.855, -174.085, -68.3323]
[367.283, -108.325, 161.463, -327.783, 149.855, -174.085, -68.3323]
[367.283, -108.325, 162.577, -327.783, 149.855, -175.199, -68.3323]
[367.283, -108.325, 162.577, -327.783, 151.087, -176.432, -68.3323]
[367.314, -108.325, 162.577, -327.815, 151.087, -176.432, -68.3323]
[367.314, -108.325, 162.577, -330.111, 151.087, -176.432, -66.0366]
[367.742, -108.325, 162.577, -330.111, 151.087, -176.432, -66.4646]
[367.773, -108.325, 162.577, -330.141, 151.087, -176.432, -66.4646]
[334.87, -108.325, 162.577, -330.141, 151.087, -143.529, -66.4646]
[334.87, -110.388, 164.64, -330.141, 151.087, -143.529, -66.4646]
[335.457, -110.388, 164.64, -330.141, 151.087, -143.529, -67.0512]
[339.971, -110.388, 164.64, -330.141, 146.573, -143.529, -67.0512]
[339.971, -112.373, 166.625, -330.141, 146.573, -143.529, -67.0512]
[339.971, -112.373, 166.625, -330.141, 150.063, -143.529, -70.5416]
[339.971, -112.373, 166.625, -330.141, 151.729, -145.195, -70.5416]
[339.971, -112.373, 168.025, -330.141, 151.729, -146.594, -70.5416]
[344.337, -112.373, 168.025, -330.141, 147.363, -146.594, -70.5416]
[344.337, -112.373, 168.025, -334.688, 147.363, -142.048, -70.5416]
[344.677, -112.713, 168.025, -334.688, 147.363, -142.048, -70.5416]
[344.677, -112.713, 168.025, -336.886, 147.363, -142.048, -68.3435]
[344.677, -112.713, 168.025, -338.996, 147.363, -142.048, -66.2339]
[344.677, -112.713, 168.232, -339.202, 147.363, -142.048, -66.2339]
[344.677, -112.713, 168.232, -339.455, 147.616, -142.048, -66.2339]
[344.677, -112.713, 168.232, -343.485, 147.616, -138.018, -66.2339]
[344.939, -112.713, 168.232, -343.485, 147.616, -138.28, -66.2339]
[345.276, -113.049, 168.232, -343.485, 147.616, -138.28, -66.2339]
[345.31, -113.049, 168.232, -343.518, 147.616, -138.28, -66.2339]
[345.31, -113.049, 168.232, -345.462, 147.616, -138.28, -64.2906]
[345.31, -113.049, 168.232, -345.462, 149.408, -140.072, -64.2906]
[350.116, -113.049, 163.425, -345.462, 149.408, -140.072, -64.2906]
[350.632, -113.049, 163.425, -345.462, 149.408, -140.072, -64.8064]
[351.143, -113.049, 163.425, -345.462, 149.408, -140.072, -65.3171]
[351.143, -113.049, 163.425, -345.694, 149.641, -140.072, -65.3171]
[351.143, -113.049, 163.425, -347.582, 149.641, -140.072, -63.4295]
[351.384, -113.049, 163.425, -347.582, 149.641, -140.313, -63.4295]
[351.384, -113.049, 163.624, -347.78, 149.641, -140.313, -63.4295]
[351.384, -113.049, 163.821, -347.978, 149.641, -140.313, -63.4295]
[351.384, -113.049, 164.018, -348.174, 149.641, -140.313, -63.4295]
[351.384, -114.997, 165.965, -348.174, 149.641, -140.313, -63.4295]
[351.898, -114.997, 165.965, -348.174, 149.641, -140.313, -63.9433]
[351.898, -114.997, 166.157, -348.366, 149.641, -140.313, -63.9433]
[351.898, -114.997, 166.157, -350.183, 149.641, -140.313, -62.1265]
[351.898, -114.997, 166.157, -350.183, 151.365, -142.038, -62.1265]
[351.898, -114.997, 166.345, -350.371, 151.365, -142.038, -62.1265]
[351.898, -117.15, 166.345, -350.371, 153.518, -142.038, -62.1265]
[351.898, -117.15, 166.345, -352.124, 153.518, -142.038, -60.3741]
[352.424, -117.15, 166.345, -352.124, 153.518, -142.038, -60.9009]
[352.424, -117.15, 166.345, -352.124, 156.983, -142.038, -64.3666]
[140.539, -117.15, 166.345, -352.124, 368.869, -142.038, -64.3666]
[140.539, -117.15, 166.345, -352.148, 368.893, -142.038, -64.3666]
[140.539, -117.15, 166.345, -353.908, 368.893, -142.038, -62.6066]
[140.539, -117.15, 166.345, -353.908, 369.329, -142.038, -63.0424]
[140.539, -117.15, 167.792, -353.908, 369.329, -143.484, -63.0424]
[140.773, -117.15, 167.792, -354.142, 369.329, -143.484, -63.0424]
[140.773, -117.15, 167.97, -354.32, 369.329, -143.484, -63.0424]
[144.581, -117.15, 167.97, -354.32, 369.329, -143.484, -66.8511]
[144.581, -118.955, 169.775, -354.32, 369.329, -143.484, -66.8511]
[144.581, -119.203, 169.775, -354.32, 369.578, -143.484, -66.8511]
[144.805, -119.203, 169.775, -354.543, 369.578, -143.484, -66.8511]
[144.805, -119.203, 169.775, -354.543, 369.772, -143.679, -66.8511]
[144.805, -119.203, 169.775, -356.305, 369.772, -143.679, -65.0895]
[146.553, -119.203, 169.775, -356.305, 369.772, -145.427, -65.0895]
[146.553, -116.381, 169.775, -359.127, 369.772, -145.427, -65.0895]
[146.553, -116.381, 169.775, -359.127, 369.962, -145.617, -65.0895]
[146.553, -116.381, 169.775, -359.15, 369.984, -145.617, -65.0895]
[146.553, -116.381, 169.775, -362.643, 369.984, -142.124, -65.0895]
[146.755, -116.381, 169.775, -362.845, 369.984, -142.124, -65.0895]
[146.755, -116.381, 169.775, -362.845, 370.405, -142.124, -65.5103]
[143.566, -116.381, 169.775, -362.845, 373.595, -142.124, -65.5103]
[143.566, -116.625, 169.775, -362.845, 373.839, -142.124, -65.5103]
[143.566, -116.625, 169.935, -363.005, 373.839, -142.124, -65.5103]
[143.566, -116.868, 169.935, -363.005, 374.082, -142.124, -65.5103]
[143.566, -116.868, 170.094, -363.164, 374.082, -142.124, -65.5103]
[143.566, -116.868, 170.094, -363.164, 374.485, -142.124, -65.9127]
[143.566, -118.642, 171.868, -363.164, 374.485, -142.124, -65.9127]
[143.566, -118.642, 171.868, -366.43, 374.485, -138.858, -65.9127]
[143.566, -118.642, 171.868, -369.508, 374.485, -135.78, -65.9127]
[143.566, -118.642, 171.868, -369.527, 374.504, -135.78, -65.9127]
[143.566, -120.357, 173.583, -369.527, 374.504, -135.78, -65.9127]
[145.472, -120.357, 173.583, -369.527, 374.504, -137.686, -65.9127]
[145.472, -120.357, 173.583, -369.527, 374.7, -137.882, -65.9127]
[145.472, -120.357, 174.988, -369.527, 374.7, -139.287, -65.9127]
[145.472, -120.357, 174.988, -369.547, 374.719, -139.287, -65.9127]
[145.472, -120.357, 175.13, -369.689, 374.719, -139.287, -65.9127]
[145.472, -120.357, 175.13, -371.2, 374.719, -139.287, -64.4009]
[145.472, -120.357, 175.13, -372.669, 374.719, -139.287, -62.9322]
[145.472, -117.903, 175.13, -375.123, 374.719, -139.287, -62.9322]
[145.472, -117.903, 175.13, -376.518, 374.719, -139.287, -61.5372]
[145.472, -118.141, 175.13, -376.518, 374.957, -139.287, -61.5372]
[145.649, -118.141, 175.13, -376.696, 374.957, -139.287, -61.5372]
[145.649, -118.141, 175.13, -378.051, 374.957, -139.287, -60.1814]
[147.457, -118.141, 175.13, -378.051, 374.957, -141.095, -60.1814]
[147.457, -115.855, 175.13, -380.338, 374.957, -141.095, -60.1814]
[147.457, -115.855, 175.257, -380.465, 374.957, -141.095, -60.1814]
[151.139, -115.855, 175.257, -380.465, 374.957, -141.095, -63.8631]
[151.139, -115.855, 175.257, -380.465, 342.318, -141.095, -31.2233]
[151.139, -113.666, 175.257, -382.654, 342.318, -141.095, -31.2233]
[151.139, -114.008, 175.257, -382.654, 342.66, -141.095, -31.2233]
[151.139, -111.901, 175.257, -384.761, 342.66, -141.095, -31.2233]
[151.139, -111.901, 175.257, -384.761, 343.427, -141.095, -31.991]
[151.139, -111.901, 176.597, -384.761, 343.427, -142.435, -31.991]
[151.139, -111.901, 176.597, -384.761, 344.184, -142.435, -32.7472]
[146.952, -111.901, 176.597, -384.761, 348.37, -142.435, -32.7472]
[148.686, -111.901, 176.597, -384.761, 348.37, -144.169, -32.7472]
[148.686, -109.875, 176.597, -386.787, 348.37, -144.169, -32.7472]
[144.736, -109.875, 176.597, -386.787, 352.32, -144.169, -32.7472]
[144.736, -109.875, 143.67, -353.86, 352.32, -144.169, -32.7472]
[141.052, -109.875, 143.67, -353.86, 356.004, -144.169, -32.7472]
[141.052, -112.301, 146.096, -353.86, 356.004, -144.169, -32.7472]
[141.052, -112.301, 147.815, -353.86, 356.004, -145.888, -32.7472]
[141.052, -112.301, 147.815, -353.86, 356.668, -145.888, -33.4109]
[141.052, -112.301, 147.815, -353.86, 357.323, -145.888, -34.066]
[141.285, -112.301, 147.815, -354.092, 357.323, -145.888, -34.066]
[146.163, -112.301, 147.815, -354.092, 357.323, -145.888, -38.9436]
[146.163, -112.301, 147.815, -357.756, 357.323, -142.224, -38.9436]
[146.163, -109.687, 147.815, -360.37, 357.323, -142.224, -38.9436]
[146.163, -107.196, 147.815, -362.861, 357.323, -142.224, -38.9436]
[146.365, -107.196, 147.815, -363.063, 357.323, -142.224, -38.9436]
[150.843, -107.196, 147.815, -363.063, 357.323, -142.224, -43.4216]
[151.035, -107.196, 147.815, -363.256, 357.323, -142.224, -43.4216]
[151.035, -107.196, 147.815, -366.521, 357.323, -138.959, -43.4216]
[151.035, -107.196, 147.815, -369.6, 357.323, -135.88, -43.4216]
[151.035, -107.196, 147.815, -369.6, 357.559, -136.117, -43.4216]
[151.035, -107.196, 147.815, -369.6, 357.795, -136.352, -43.4216]
[152.802, -107.196, 147.815, -369.6, 357.795, -138.119, -43.4216]
[154.51, -107.196, 147.815, -369.6, 357.795, -139.827, -43.4216]
[156.164, -107.196, 147.815, -369.6, 357.795, -141.481, -43.4216]
[156.336, -107.196, 147.815, -369.771, 357.795, -141.481, -43.4216]
[156.336, -104.965, 147.815, -372.002, 357.795, -141.481, -43.4216]
[152.447, -104.965, 147.815, -372.002, 361.684, -141.481, -43.4216]
[152.447, -104.965, 147.815, -372.023, 361.705, -141.481, -43.4216]
[152.447, -104.965, 147.815, -372.023, 361.919, -141.695, -43.4216]
[152.447, -104.965, 147.996, -372.205, 361.919, -141.695, -43.4216]
[152.447, -104.965, 147.996, -375.202, 361.919, -138.698, -43.4216]
[152.447, -104.965, 149.775, -375.202, 361.919, -140.476, -43.4216]
[152.447, -105.272, 149.775, -375.202, 362.227, -140.476, -43.4216]
[148.835, -105.272, 149.775, -375.202, 365.839, -140.476, -43.4216]
[148.835, -105.272, 149.775, -375.202, 366.046, -140.684, -43.4216]
[148.835, -105.272, 149.947, -375.375, 366.046, -140.684, -43.4216]
[148.835, -105.272, 149.947, -375.394, 366.066, -140.684, -43.4216]
[148.835, -107.661, 152.336, -375.394, 366.066, -140.684, -43.4216]
[149.008, -107.661, 152.336, -375.568, 366.066, -140.684, -43.4216]
[150.737, -107.661, 152.336, -375.568, 366.066, -142.413, -43.4216]
[150.737, -107.661, 152.336, -375.568, 366.608, -142.413, -43.9631]
[150.737, -107.661, 152.336, -378.494, 366.608, -139.487, -43.9631]
[150.737, -107.661, 154.03, -378.494, 366.608, -141.181, -43.9631]
[150.737, -107.946, 154.03, -378.494, 366.893, -141.181, -43.9631]
[150.737, -107.946, 154.03, -378.494, 367.097, -141.385, -43.9631]
[150.737, -107.946, 154.03, -381.316, 367.097, -138.563, -43.9631]
[150.737, -105.93, 154.03, -383.333, 367.097, -138.563, -43.9631]
[150.737, -103.989, 154.03, -385.274, 367.097, -138.563, -43.9631]
[150.737, -102.118, 154.03, -387.145, 367.097, -138.563, -43.9631]
[150.737, -102.118, 154.03, -387.145, 367.631, -138.563, -44.4962]
[150.737, -100.311, 154.03, -388.952, 367.631, -138.563, -44.4962]
[150.737, -131.611, 154.03, -357.652, 367.631, -138.563, -44.4962]
[150.737, -131.611, 154.03, -357.652, 367.839, -138.77, -44.4962]
[150.94, -131.611, 154.03, -357.856, 367.839, -138.77, -44.4962]
[150.94, -131.611, 154.03, -361.179, 367.839, -135.447, -44.4962]
[150.94, -131.611, 154.03, -361.179, 368.053, -135.661, -44.4962]
[151.136, -131.611, 154.03, -361.375, 368.053, -135.661, -44.4962]
[155.23, -131.611, 154.03, -361.375, 368.053, -135.661, -48.5894]
[156.939, -131.611, 154.03, -361.375, 368.053, -137.37, -48.5894]
[160.69, -131.611, 154.03, -361.375, 368.053, -137.37, -52.3407]
[160.69, -131.611, 154.03, -361.398, 368.075, -137.37, -52.3407]
[160.69, -131.611, 154.03, -361.398, 368.285, -137.579, -52.3407]
[164.199, -131.611, 154.03, -361.398, 368.285, -137.579, -55.8496]
[164.199, -128.594, 154.03, -364.415, 368.285, -137.579, -55.8496]
[164.199, -128.594, 154.214, -364.599, 368.285, -137.579, -55.8496]
[164.199, -128.594, 154.214, -364.599, 368.753, -137.579, -56.3183]
[164.199, -128.594, 154.214, -364.621, 368.775, -137.579, -56.3183]
[164.199, -128.594, 154.214, -367.714, 368.775, -134.486, -56.3183]
[164.199, -128.594, 154.214, -367.735, 368.796, -134.486, -56.3183]
[164.199, -128.594, 154.214, -367.735, 336.215, -134.486, -23.7373]
[164.199, -128.594, 154.214, -367.735, 336.511, -134.782, -23.7373]
[164.36, -128.594, 154.214, -367.896, 336.511, -134.782, -23.7373]
[164.36, -128.594, 154.214, -368.921, 336.511, -134.782, -22.7122]
[164.36, -128.594, 154.214, -368.949, 336.539, -134.782, -22.7122]
[164.36, -128.906, 154.214, -368.949, 336.852, -134.782, -22.7122]
[164.36, -128.906, 154.214, -371.848, 336.852, -131.883, -22.7122]
[168.77, -128.906, 154.214, -371.848, 336.852, -131.883, -27.1224]
[168.77, -128.906, 154.214, -372.868, 336.852, -131.883, -26.1029]
[168.77, -129.217, 154.214, -372.868, 337.162, -131.883, -26.1029]
[168.77, -129.217, 154.383, -373.037, 337.162, -131.883, -26.1029]
[168.916, -129.217, 154.383, -373.183, 337.162, -131.883, -26.1029]
[168.916, -129.217, 154.383, -374.179, 337.162, -131.883, -25.1064]
[168.916, -129.217, 154.383, -375.156, 337.162, -131.883, -24.129]
[168.916, -131.048, 156.214, -375.156, 337.162, -131.883, -24.129]
[169.059, -131.048, 156.214, -375.299, 337.162, -131.883, -24.129]
[169.059, -131.048, 157.968, -375.299, 337.162, -133.638, -24.129]
[169.059, -131.048, 157.968, -375.326, 337.189, -133.638, -24.129]
[169.059, -131.048, 158.127, -375.485, 337.189, -133.638, -24.129]
[169.059, -128.409, 158.127, -378.123, 337.189, -133.638, -24.129]
[169.197, -128.409, 158.127, -378.262, 337.189, -133.638, -24.129]
[169.197, -128.72, 158.127, -378.262, 337.5, -133.638, -24.129]
[164.019, -128.72, 158.127, -378.262, 342.678, -133.638, -24.129]
[164.019, -128.72, 158.281, -378.416, 342.678, -133.638, -24.129]
[164.019, -128.72, 158.281, -379.345, 342.678, -133.638, -23.1999]
[159.277, -128.72, 158.281, -379.345, 347.42, -133.638, -23.1999]
[159.277, -128.72, 158.281, -379.345, 348.212, -133.638, -23.9924]
[159.277, -128.72, 159.974, -379.345, 348.212, -135.33, -23.9924]
[159.277, -130.465, 161.719, -379.345, 348.212, -135.33, -23.9924]
[159.277, -130.465, 161.866, -379.492, 348.212, -135.33, -23.9924]
[154.938, -130.465, 161.866, -379.492, 352.552, -135.33, -23.9924]
[154.938, -130.465, 162.012, -379.638, 352.552, -135.33, -23.9924]
[154.938, -132.148, 163.696, -379.638, 352.552, -135.33, -23.9924]
[155.095, -132.148, 163.696, -379.795, 352.552, -135.33, -23.9924]
[155.095, -132.148, 163.696, -380.711, 352.552, -135.33, -23.0769]
[155.095, -132.148, 163.696, -381.61, 352.552, -135.33, -22.1775]
[156.811, -132.148, 163.696, -381.61, 352.552, -137.047, -22.1775]
[152.722, -132.148, 163.696, -381.61, 356.641, -137.047, -22.1775]
[152.722, -132.148, 163.696, -384.246, 356.641, -134.411, -22.1775]
[152.722, -132.148, 163.696, -385.107, 356.641, -134.411, -21.3161]
[152.722, -133.779, 165.326, -385.107, 356.641, -134.411, -21.3161]
[157.654, -133.779, 165.326, -385.107, 356.641, -134.411, -26.2486]
[157.654, -133.779, 165.326, -385.127, 356.661, -134.411, -26.2486]
[157.799, -133.779, 165.326, -385.271, 356.661, -134.411, -26.2486]
[157.799, -135.359, 166.907, -385.271, 356.661, -134.411, -26.2486]
[157.799, -135.359, 168.454, -385.271, 356.661, -135.959, -26.2486]
[157.799, -135.359, 169.957, -385.271, 356.661, -137.461, -26.2486]
[157.799, -135.359, 169.957, -385.271, 357.363, -137.461, -26.9514]
[157.943, -135.359, 169.957, -385.416, 357.363, -137.461, -26.9514]
[153.984, -135.359, 169.957, -385.416, 361.323, -137.461, -26.9514]
[153.984, -135.359, 169.957, -385.416, 361.547, -137.685, -26.9514]
[122.635, -135.359, 169.957, -385.416, 361.547, -106.336, -26.9514]
[122.839, -135.359, 169.957, -385.62, 361.547, -106.336, -26.9514]
[123.042, -135.359, 169.957, -385.823, 361.547, -106.336, -26.9514]
[123.042, -135.359, 169.957, -385.823, 362.212, -106.336, -27.6167]
[123.042, -135.359, 170.084, -385.95, 362.212, -106.336, -27.6167]
[120.273, -135.359, 170.084, -385.95, 364.981, -106.336, -27.6167]
[120.273, -135.359, 170.084, -386.843, 364.981, -106.336, -26.7234]
[120.273, -135.359, 170.084, -386.861, 364.999, -106.336, -26.7234]
[120.273, -135.359, 170.084, -386.879, 365.017, -106.336, -26.7234]
[120.273, -135.359, 170.084, -386.879, 365.311, -106.63, -26.7234]
[120.273, -135.359, 170.084, -388.769, 365.311, -104.74, -26.7234]
[120.273, -132.931, 170.084, -391.198, 365.311, -104.74, -26.7234]
[120.273, -132.931, 170.084, -391.198, 365.609, -105.038, -26.7234]
[120.273, -134.453, 171.607, -391.198, 365.609, -105.038, -26.7234]
[120.273, -134.453, 171.607, -392.985, 365.609, -103.251, -26.7234]
[120.273, -134.453, 171.607, -393.812, 365.609, -103.251, -25.8966]
[117.656, -134.453, 171.607, -393.812, 368.226, -103.251, -25.8966]
[117.656, -134.453, 171.607, -393.812, 368.519, -103.544, -25.8966]
[120.917, -134.453, 171.607, -393.812, 368.519, -106.805, -25.8966]
[120.917, -134.453, 171.722, -393.927, 368.519, -106.805, -25.8966]
[120.917, -134.453, 173.643, -393.927, 368.519, -108.726, -25.8966]
[120.917, -134.453, 173.643, -393.927, 369.147, -108.726, -26.5244]
[127.072, -134.453, 173.643, -393.927, 369.147, -108.726, -32.6798]
[132.635, -134.453, 173.643, -393.927, 369.147, -108.726, -38.2423]
[132.635, -115.817, 173.643, -393.927, 369.147, -127.362, -38.2423]
[132.635, -115.817, 173.643, -396.076, 369.147, -125.213, -38.2423]
[132.635, -116.074, 173.643, -396.076, 369.404, -125.213, -38.2423]
[132.635, -114.18, 173.643, -397.971, 369.404, -125.213, -38.2423]
[132.635, -114.18, 173.643, -398.852, 369.404, -125.213, -37.3611]
[132.635, -114.44, 173.643, -398.852, 369.664, -125.213, -37.3611]
[132.635, -114.699, 173.643, -398.852, 369.923, -125.213, -37.3611]
[132.635, -114.699, 173.643, -400.863, 369.923, -123.202, -37.3611]
[132.635, -112.912, 173.643, -402.65, 369.923, -123.202, -37.3611]
[137.739, -112.912, 173.643, -402.65, 369.923, -123.202, -42.4656]
[134.787, -112.912, 173.643, -402.65, 372.875, -123.202, -42.4656]
[134.787, -113.166, 173.643, -402.65, 373.13, -123.202, -42.4656]
[134.787, -113.166, 173.643, -403.528, 373.13, -123.202, -41.5883]
[131.997, -113.166, 173.643, -403.528, 375.92, -123.202, -41.5883]
[131.997, -113.166, 173.745, -403.63, 375.92, -123.202, -41.5883]
[131.997, -113.166, 173.745, -405.517, 375.92, -121.316, -41.5883]
[131.997, -113.413, 173.745, -405.517, 376.167, -121.316, -41.5883]
[131.997, -113.413, 173.846, -405.617, 376.167, -121.316, -41.5883]
[131.997, -113.413, 173.846, -406.462, 376.167, -121.316, -40.7432]
[131.997, -113.413, 173.846, -407.294, 376.167, -121.316, -39.9119]
[131.997, -97.5427, 173.846, -407.294, 376.167, -137.186, -39.9119]
[134.094, -97.5427, 173.846, -407.294, 376.167, -139.283, -39.9119]
[134.094, -97.5427, 173.846, -407.307, 376.18, -139.283, -39.9119]
[139.027, -97.5427, 173.846, -407.307, 376.18, -139.283, -44.8458]
[139.027, -97.5427, 173.846, -407.307, 376.18, -148.536, -35.5925]
[139.027, -97.5427, 173.846, -407.307, 376.18, -156.608, -27.5207]
[140.661, -97.5427, 173.846, -407.307, 376.18, -158.241, -27.5207]
[140.661, -97.8298, 173.846, -407.307, 376.467, -158.241, -27.5207]
[145.844, -97.8298, 173.846, -407.307, 376.467, -158.241, -32.704]
[145.844, -99.8783, 175.894, -407.307, 376.467, -158.241, -32.704]
[145.844, -98.4183, 175.894, -408.767, 376.467, -158.241, -32.704]
[145.844, -100.417, 177.893, -408.767, 376.467, -158.241, -32.704]
[142.85, -100.417, 177.893, -408.767, 379.461, -158.241, -32.704]
[142.85, -100.417, 177.893, -409.518, 379.461, -158.241, -31.9525]
[144.401, -100.417, 177.893, -409.518, 379.461, -159.792, -31.9525]
[144.401, -100.417, 177.893, -409.53, 379.474, -159.792, -31.9525]
[144.401, -100.417, 178.984, -409.53, 379.474, -160.884, -31.9525]
[144.401, -100.417, 178.984, -409.53, 379.622, -161.032, -31.9525]
[144.531, -100.417, 178.984, -409.66, 379.622, -161.032, -31.9525]
[144.531, -100.417, 178.984, -409.66, 379.769, -161.179, -31.9525]
[144.531, -100.417, 180.05, -409.66, 379.769, -162.245, -31.9525]
[144.531, -98.9819, 180.05, -411.095, 379.769, -162.245, -31.9525]
[144.531, -98.9819, 180.05, -411.095, 380.299, -162.245, -32.4822]
[144.531, -98.9819, 180.05, -413.628, 380.299, -159.711, -32.4822]
[144.531, -98.9819, 180.05, -413.628, 380.823, -159.711, -33.0064]
[144.531, -99.2522, 180.05, -413.628, 381.093, -159.711, -33.0064]
[141.694, -99.2522, 180.05, -413.628, 383.93, -159.711, -33.0064]
[141.694, -99.5136, 180.05, -413.628, 384.191, -159.711, -33.0064]
[141.694, -99.7736, 180.05, -413.628, 384.451, -159.711, -33.0064]
[113.554, -99.7736, 180.05, -413.628, 384.451, -159.711, -4.86586]
[113.554, -99.7736, 181.119, -413.628, 384.451, -160.781, -4.86586]
[115.552, -99.7736, 181.119, -413.628, 384.451, -162.779, -4.86586]
[115.552, -121.336, 181.119, -413.628, 384.451, -141.217, -4.86586]
[115.552, -121.336, 181.119, -413.628, 384.622, -141.388, -4.86586]
[115.552, -121.336, 181.119, -413.628, 384.793, -141.559, -4.86586]
[115.552, -121.336, 181.119, -414.173, 384.793, -141.559, -4.32054]
[115.552, -121.336, 181.119, -414.173, 385.454, -141.559, -4.98189]
[115.552, -121.336, 181.119, -414.717, 385.454, -141.559, -4.43887]
[115.552, -121.336, 182.381, -414.717, 385.454, -142.82, -4.43887]
[115.552, -121.336, 182.381, -414.717, 386.111, -142.82, -5.09518]
[115.552, -121.336, 182.381, -416.761, 386.111, -140.776, -5.09518]
[115.552, -121.336, 182.381, -416.761, 386.28, -140.945, -5.09518]
[123.163, -121.336, 182.381, -416.761, 386.28, -140.945, -12.7064]
[123.163, -121.336, 183.634, -416.761, 386.28, -142.199, -12.7064]
[123.163, -121.336, 184.858, -416.761, 386.28, -143.423, -12.7064]
[129.919, -121.336, 184.858, -416.761, 386.28, -143.423, -19.4626]
[129.919, -121.336, 186.053, -416.761, 386.28, -144.618, -19.4626]
[129.919, -121.336, 186.053, -416.761, 386.28, -151.968, -12.1123]
[129.919, -121.336, 186.053, -416.772, 386.291, -151.968, -12.1123]
[129.919, -122.796, 187.513, -416.772, 386.291, -151.968, -12.1123]
[136.35, -122.796, 187.513, -416.772, 386.291, -151.968, -18.5433]
[136.35, -122.796, 187.513, -418.956, 386.291, -149.783, -18.5433]
[136.35, -108.49, 187.513, -418.956, 386.291, -164.09, -18.5433]
[136.35, -96.4455, 187.513, -418.956, 386.291, -176.134, -18.5433]
[136.35, -86.1786, 187.513, -418.956, 386.291, -186.401, -18.5433]
[136.35, -86.1786, 187.513, -418.956, 386.291, -191.598, -13.3458]
[136.35, -77.6391, 187.513, -418.956, 386.291, -200.138, -13.3458]
[133.842, -77.6391, 187.513, -418.956, 388.799, -200.138, -13.3458]
[131.448, -77.6391, 187.513, -418.956, 391.193, -200.138, -13.3458]
[131.448, -77.9404, 187.513, -418.956, 391.495, -200.138, -13.3458]
[131.448, -76.8836, 187.513, -420.013, 391.495, -200.138, -13.3458]
[129.164, -76.8836, 187.513, -420.013, 393.778, -200.138, -13.3458]
[129.164, -76.8836, 187.513, -423.313, 393.778, -196.838, -13.3458]
[129.164, -76.8836, 187.513, -423.322, 393.788, -196.838, -13.3458]
[129.164, -76.8836, 187.513, -423.322, 393.877, -196.928, -13.3458]
[129.164, -75.8809, 187.513, -424.325, 393.877, -196.928, -13.3458]
[129.164, -75.8809, 187.513, -424.334, 393.887, -196.928, -13.3458]
[130.385, -75.8809, 187.513, -424.334, 393.887, -198.148, -13.3458]
[130.385, -75.8809, 187.513, -424.343, 393.896, -198.148, -13.3458]
[130.385, -78.0945, 189.727, -424.343, 393.896, -198.148, -13.3458]
[130.385, -80.2183, 191.851, -424.343, 393.896, -198.148, -13.3458]
[131.577, -80.2183, 191.851, -424.343, 393.896, -199.34, -13.3458]
[131.577, -80.2183, 191.851, -424.343, 393.896, -203.792, -8.89428]
[131.577, -80.2183, 191.851, -424.343, 394.474, -203.792, -9.47257]
[131.577, -80.2183, 191.851, -424.343, 395.046, -203.792, -10.0443]
[132.693, -80.2183, 191.851, -424.343, 395.046, -204.908, -10.0443]
[132.693, -80.2183, 192.464, -424.343, 395.046, -205.522, -10.0443]
[132.693, -79.1929, 192.464, -425.369, 395.046, -205.522, -10.0443]
[132.693, -79.1929, 192.464, -425.369, 395.127, -205.603, -10.0443]
[132.693, -79.4783, 192.464, -425.369, 395.412, -205.603, -10.0443]
[133.778, -79.4783, 192.464, -425.369, 395.412, -206.688, -10.0443]
[133.778, -79.4783, 192.464, -428.705, 395.412, -203.352, -10.0443]
[101.83, -79.4783, 192.464, -428.705, 395.412, -171.404, -10.0443]
[103.849, -79.4783, 192.464, -428.705, 395.412, -173.423, -10.0443]
[103.849, -79.4783, 192.464, -431.092, 395.412, -171.036, -10.0443]
[103.849, -79.4783, 192.464, -431.092, 395.976, -171.036, -10.6077]
[111.829, -79.4783, 192.464, -431.092, 395.976, -171.036, -18.5875]
[111.829, -79.4783, 192.464, -431.617, 395.976, -171.036, -18.0619]
[111.829, -79.4783, 192.464, -431.617, 396.494, -171.036, -18.5797]
[111.829, -79.4783, 192.464, -433.89, 396.494, -168.764, -18.5797]
[111.829, -79.4783, 192.464, -434.401, 396.494, -168.764, -18.0684]
[111.829, -79.4783, 193.333, -434.401, 396.494, -169.632, -18.0684]
[111.829, -79.4783, 193.333, -434.401, 397.009, -169.632, -18.5835]
[113.697, -79.4783, 193.333, -434.401, 397.009, -171.5, -18.5835]
[113.697, -79.7576, 193.333, -434.401, 397.288, -171.5, -18.5835]
[113.697, -78.8317, 193.333, -435.327, 397.288, -171.5, -18.5835]
[113.697, -78.8317, 194.171, -435.327, 397.288, -172.339, -18.5835]
[113.697, -78.8317, 194.171, -435.327, 397.399, -172.449, -18.5835]
[111.868, -78.8317, 194.171, -435.327, 399.228, -172.449, -18.5835]
[111.868, -78.8317, 194.171, -435.327, 399.336, -172.558, -18.5835]
[111.868, -79.1063, 194.171, -435.327, 399.611, -172.558, -18.5835]
[112.006, -79.1063, 194.171, -435.465, 399.611, -172.558, -18.5835]
[112.006, -81.1243, 196.189, -435.465, 399.611, -172.558, -18.5835]
[112.006, -81.1243, 196.996, -435.465, 399.611, -173.365, -18.5835]
[112.006, -83.0524, 198.925, -435.465, 399.611, -173.365, -18.5835]
[112.006, -82.1062, 198.925, -436.411, 399.611, -173.365, -18.5835]
[112.006, -82.1062, 198.925, -436.419, 399.619, -173.365, -18.5835]
[110.243, -82.1062, 198.925, -436.419, 401.381, -173.365, -18.5835]
[110.243, -83.9822, 200.801, -436.419, 401.381, -173.365, -18.5835]
[110.243, -83.0362, 200.801, -437.365, 401.381, -173.365, -18.5835]
[110.243, -83.0362, 200.801, -437.365, 401.381, -179.161, -12.7872]
[110.243, -83.0362, 200.856, -437.421, 401.381, -179.161, -12.7872]
[117.716, -83.0362, 200.856, -437.421, 401.381, -179.161, -20.2597]
[117.716, -83.0362, 167.867, -404.431, 401.381, -179.161, -20.2597]
[117.716, -83.0362, 167.867, -404.431, 401.381, -184.763, -14.6578]
[117.716, -83.0362, 167.975, -404.539, 401.381, -184.763, -14.6578]
[115.886, -83.0362, 167.975, -404.539, 403.211, -184.763, -14.6578]
[115.886, -83.2897, 167.975, -404.539, 403.465, -184.763, -14.6578]
[115.886, -83.2897, 167.975, -404.549, 403.475, -184.763, -14.6578]
[115.886, -83.2897, 168.082, -404.657, 403.475, -184.763, -14.6578]
[115.886, -85.7649, 170.557, -404.657, 403.475, -184.763, -14.6578]
[115.886, -86.011, 170.557, -404.657, 403.721, -184.763, -14.6578]
[115.886, -86.011, 170.557, -404.657, 403.721, -189.863, -9.55799]
[115.886, -84.6998, 170.557, -405.968, 403.721, -189.863, -9.55799]
[115.886, -84.9479, 170.557, -405.968, 403.969, -189.863, -9.55799]
[116.064, -84.9479, 170.557, -406.146, 403.969, -189.863, -9.55799]
[116.064, -84.9479, 170.557, -406.146, 404.056, -189.95, -9.55799]
[114.307, -84.9479, 170.557, -406.146, 405.813, -189.95, -9.55799]
[114.307, -84.9479, 170.557, -406.146, 405.898, -190.035, -9.55799]
[114.307, -84.9479, 170.557, -406.761, 405.898, -190.035, -8.94339]
[114.307, -85.1902, 170.557, -406.761, 406.14, -190.035, -8.94339]
[114.307, -76.6141, 170.557, -406.761, 406.14, -198.611, -8.94339]
[112.613, -76.6141, 170.557, -406.761, 407.834, -198.611, -8.94339]
[112.613, -69.0817, 170.557, -406.761, 407.834, -206.143, -8.94339]
[112.613, -69.3599, 170.557, -406.761, 408.112, -206.143, -8.94339]
[112.796, -69.3599, 170.557, -406.943, 408.112, -206.143, -8.94339]
[112.796, -69.6364, 170.557, -406.943, 408.389, -206.143, -8.94339]
[112.796, -69.6364, 170.557, -410.854, 408.389, -202.232, -8.94339]
[112.796, -62.7026, 170.557, -410.854, 408.389, -209.166, -8.94339]
[112.971, -62.7026, 170.557, -411.029, 408.389, -209.166, -8.94339]
[112.971, -62.7026, 170.655, -411.127, 408.389, -209.166, -8.94339]
[112.971, -62.7026, 171.38, -411.127, 408.389, -209.89, -8.94339]
[112.971, -62.7026, 171.38, -411.127, 408.457, -209.958, -8.94339]
[112.971, -62.7026, 171.38, -415.026, 408.457, -206.06, -8.94339]
[120.508, -62.7026, 171.38, -415.026, 408.457, -206.06, -16.4806]
[120.508, -61.7556, 171.38, -415.973, 408.457, -206.06, -16.4806]
[120.508, -61.7556, 171.38, -415.982, 408.465, -206.06, -16.4806]
[120.508, -61.7556, 172.121, -415.982, 408.465, -206.801, -16.4806]
[120.508, -64.6623, 175.028, -415.982, 408.465, -206.801, -16.4806]
[120.662, -64.6623, 175.028, -416.136, 408.465, -206.801, -16.4806]
[121.866, -64.6623, 175.028, -416.136, 408.465, -208.006, -16.4806]
[121.866, -64.6623, 175.028, -416.136, 408.93, -208.006, -16.9456]
[121.866, -64.6623, 175.028, -416.136, 408.93, -212.265, -12.6856]
[120.094, -64.6623, 175.028, -416.136, 410.702, -212.265, -12.6856]
[120.094, -64.6623, 175.701, -416.136, 410.702, -212.939, -12.6856]
[120.094, -64.9447, 175.701, -416.136, 410.985, -212.939, -12.6856]
[120.249, -64.9447, 175.701, -416.29, 410.985, -212.939, -12.6856]
[120.249, -64.9447, 175.701, -416.29, 411.456, -212.939, -13.1565]
[118.545, -64.9447, 175.701, -416.29, 413.159, -212.939, -13.1565]
[118.545, -64.9447, 175.701, -420.114, 413.159, -209.114, -13.1565]
[118.545, -64.9447, 175.701, -420.669, 413.159, -209.114, -12.6014]
[118.545, -58.6238, 175.701, -420.669, 413.159, -215.435, -12.6014]
[118.545, -61.5186, 178.596, -420.669, 413.159, -215.435, -12.6014]
[118.545, -61.5186, 178.596, -420.669, 413.621, -215.435, -13.0627]
[118.545, -64.2642, 181.342, -420.669, 413.621, -215.435, -13.0627]
[119.676, -64.2642, 181.342, -420.669, 413.621, -216.567, -13.0627]
[119.676, -64.2642, 181.342, -420.669, 413.621, -220.386, -9.24352]
[119.824, -64.2642, 181.342, -420.817, 413.621, -220.386, -9.24352]
[118.162, -64.2642, 181.342, -420.817, 415.283, -220.386, -9.24352]
[118.162, -64.2642, 181.342, -420.817, 415.283, -223.954, -5.67491]
[118.162, -64.2642, 181.342, -420.817, 415.767, -223.954, -6.15854]
[118.162, -64.2642, 181.422, -420.897, 415.767, -223.954, -6.15854]
[119.207, -64.2642, 181.422, -420.897, 415.767, -225, -6.15854]
