0 - 0 1 4 2 6 5 3 7
17 - 0 4 1 2 6 5 3 7
23 - 0 1 4 2 6 5 3 7
34 - 0 4 1 2 6 5 3 7
42 - 0 1 4 2 6 5 3 7
206 - 0 2 4 1 6 5 3 7
292 - 0 2 4 1 5 6 3 7
294 - 0 2 4 1 6 5 3 7
297 - 0 2 4 1 5 6 3 7
304 - 0 2 4 1 6 5 3 7
307 - 0 2 4 1 5 6 3 7
378 - 4 0 2 1 5 6 3 7
415 - 4 0 2 1 5 6 7 3
443 - 4 0 2 1 5 6 3 7
446 - 4 0 2 1 5 6 7 3
450 - 4 0 2 1 5 6 3 7
462 - 4 0 2 1 5 6 7 3
463 - 4 0 2 1 5 6 3 7
481 - 4 0 2 1 5 6 7 3
483 - 4 0 2 1 5 6 3 7
489 - 4 0 2 1 5 6 7 3
492 - 4 0 2 1 5 6 3 7
498 - 4 0 2 1 5 6 7 3
499 - 4 0 2 1 5 6 3 7
500 - 4 0 2 1 5 6 7 3
601 - 4 0 2 1 6 5 7 3
722 - 4 2 0 1 6 5 7 3
724 - 4 0 2 1 6 5 7 3
732 - 4 2 0 1 6 5 7 3
