0 - 0 4 1 6 2 5 3 7
90 - 0 1 4 6 2 5 3 7
102 - 0 4 1 6 2 5 3 7
142 - 0 4 1 2 6 5 3 7
206 - 0 4 1 2 5 6 3 7
208 - 0 4 1 2 6 5 3 7
209 - 0 4 1 2 5 6 3 7
214 - 0 4 2 1 5 6 3 7
218 - 0 4 2 1 6 5 3 7
221 - 0 4 2 1 5 6 3 7
402 - 0 4 2 1 6 5 3 7
405 - 0 4 2 1 6 5 7 3
411 - 4 0 2 1 6 5 7 3
420 - 4 0 2 1 5 6 7 3
422 - 4 0 2 1 6 5 7 3
423 - 4 0 2 1 6 5 3 7
424 - 4 0 2 1 6 5 7 3
431 - 4 0 2 1 6 5 3 7
440 - 4 0 2 1 6 5 7 3
622 - 4 0 2 6 1 5 7 3
625 - 4 0 2 1 6 5 7 3
639 - 4 0 2 6 1 5 7 3
656 - 4 0 2 1 6 5 7 3
764 - 4 0 2 6 1 5 7 3
