0 - 0 4 1 2 6 5 3 7
109 - 0 1 4 2 6 5 3 7
141 - 0 1 4 6 2 5 3 7
159 - 0 4 1 6 2 5 3 7
206 - 0 2 4 6 1 5 3 7
271 - 0 2 4 6 5 1 3 7
286 - 0 2 4 6 1 5 3 7
344 - 0 2 4 6 1 5 7 3
347 - 0 2 4 6 1 5 3 7
365 - 0 2 4 6 1 5 7 3
370 - 0 2 4 6 1 5 3 7
382 - 0 2 4 6 1 5 7 3
383 - 0 2 4 6 1 5 3 7
402 - 4 0 2 6 1 5 3 7
425 - 4 0 2 6 1 5 7 3
426 - 4 0 2 6 1 5 3 7
433 - 4 0 2 6 1 5 7 3
447 - 4 2 0 6 5 1 7 3
455 - 4 2 0 6 1 5 7 3
459 - 4 2 0 6 5 1 7 3
480 - 4 0 2 6 5 1 7 3
495 - 4 0 2 6 1 5 7 3
497 - 4 0 2 1 6 5 7 3
522 - 4 2 0 1 5 6 7 3
527 - 4 0 2 1 5 6 7 3
531 - 4 0 2 1 6 5 7 3
569 - 4 2 0 1 6 5 7 3
572 - 4 2 0 1 5 6 7 3
574 - 4 2 0 1 6 5 7 3
579 - 4 2 0 1 5 6 7 3
594 - 4 2 0 5 1 6 7 3
600 - 4 2 0 1 5 6 7 3
605 - 4 2 0 1 6 5 7 3
754 - 4 0 2 1 6 5 7 3
766 - 4 2 0 1 6 5 7 3
