0 - 0 4 1 2 6 5 3 7
25 - 0 1 4 2 6 5 3 7
27 - 0 4 1 2 6 5 3 7
36 - 0 1 4 2 6 5 3 7
39 - 0 4 1 2 6 5 3 7
40 - 0 1 4 2 6 5 3 7
46 - 0 4 1 2 6 5 3 7
47 - 0 1 4 2 6 5 3 7
60 - 0 4 1 2 6 5 3 7
73 - 0 1 4 2 6 5 3 7
84 - 0 4 1 2 6 5 3 7
86 - 0 1 4 2 6 5 3 7
205 - 0 4 2 1 6 5 3 7
225 - 0 2 4 1 6 5 3 7
241 - 0 2 4 1 5 6 3 7
282 - 0 4 2 1 5 6 3 7
287 - 0 2 4 1 5 6 3 7
426 - 0 4 2 1 5 6 3 7
427 - 0 2 4 1 5 6 3 7
440 - 0 4 2 1 5 6 3 7
468 - 0 4 2 1 5 6 7 3
478 - 4 0 2 1 5 6 7 3
488 - 4 0 2 1 5 6 3 7
491 - 4 0 2 1 6 5 3 7
498 - 4 0 2 1 5 6 3 7
499 - 4 0 2 1 6 5 3 7
505 - 4 0 2 1 6 5 7 3
540 - 4 0 2 1 5 6 7 3
608 - 4 0 2 1 6 5 7 3
