0 - 0 4 1 2 6 5 3
72 - 0 4 1 6 2 5 3
73 - 0 4 1 2 6 5 3
81 - 0 4 1 6 2 5 3
135 - 0 4 1 2 6 5 3
140 - 0 4 1 6 2 5 3
141 - 0 4 1 2 6 5 3
187 - 0 4 1 6 2 5 3
190 - 0 4 1 2 6 5 3
201 - 0 4 1 6 2 5 3
202 - 0 4 1 2 6 5 3
207 - 0 4 2 6 1 5 3
260 - 0 2 4 6 1 5 3
284 - 0 4 2 6 1 5 3
290 - 0 2 4 6 1 5 3
312 - 0 4 2 6 1 5 3
339 - 0 2 4 6 1 5 3
407 - 4 2 0 6 1 5 3
465 - 4 0 2 6 1 5 3
466 - 4 2 0 6 1 5 3
477 - 4 0 2 6 1 5 3
495 - 4 2 0 6 1 5 3
519 - 4 0 2 6 1 5 3
558 - 4 2 0 6 1 5 3
575 - 4 2 0 6 5 1 3
576 - 4 2 0 6 1 5 3
582 - 4 2 0 6 5 1 3
606 - 4 2 0 6 1 5 3
