[332.922, 158.196, -27.1075, -264.071, 154.887, -9.29935, -12.2877, -333.238]
[332.922, 158.196, -27.1075, -264.996, 154.887, -9.29935, -11.3625, -333.238]
[332.922, 158.196, -27.1075, -265.888, 154.887, -8.40714, -11.3625, -333.238]
[332.922, 158.196, -27.1075, -266.766, 154.887, -7.52958, -11.3625, -333.238]
[332.922, 160.181, -27.1075, -266.766, 154.887, -9.51502, -11.3625, -333.238]
[332.953, 160.181, -27.1075, -266.797, 154.887, -9.51502, -11.3625, -333.238]
[332.953, 160.181, -27.1075, -266.797, 156.864, -9.51502, -13.3392, -333.238]
[332.953, 161.833, -28.7591, -266.797, 156.864, -9.51502, -13.3392, -333.238]
[334.772, 161.833, -28.7591, -266.797, 155.045, -9.51502, -13.3392, -333.238]
[334.772, 161.833, -28.7591, -267.676, 155.045, -8.63583, -13.3392, -333.238]
[334.772, 161.833, -28.7591, -267.676, 155.045, -8.17125, -13.3392, -333.703]
[335.161, 161.833, -28.7591, -267.676, 155.045, -8.56042, -13.3392, -333.703]
[335.161, 161.833, -28.7591, -267.854, 155.223, -8.56042, -13.3392, -333.703]
[335.161, 161.833, -27.7193, -268.894, 155.223, -8.56042, -13.3392, -333.703]
[335.161, 161.833, -27.7193, -269.749, 155.223, -7.70584, -13.3392, -333.703]
[335.161, 161.833, -27.7193, -269.749, 157.162, -7.70584, -15.2778, -333.703]
[335.523, 161.833, -27.7193, -269.749, 157.162, -7.70584, -15.6397, -333.703]
[335.911, 161.833, -27.7193, -269.749, 157.162, -8.09395, -15.6397, -333.703]
[335.911, 163.453, -29.3387, -269.749, 157.162, -8.09395, -15.6397, -333.703]
[335.911, 163.453, -29.3387, -270.654, 157.162, -8.09395, -14.7343, -333.703]
[335.911, 163.453, -29.3387, -271.491, 157.162, -7.25692, -14.7343, -333.703]
[335.911, 165.356, -29.3387, -271.491, 157.162, -9.16065, -14.7343, -333.703]
[336.272, 165.356, -29.3387, -271.491, 157.162, -9.16065, -15.0954, -333.703]
[336.272, 165.356, -29.3387, -271.659, 157.33, -9.16065, -15.0954, -333.703]
[336.272, 165.356, -29.3387, -267.324, 157.33, -9.16065, -15.0954, -338.038]
[336.272, 165.356, -28.2883, -268.374, 157.33, -9.16065, -15.0954, -338.038]
[336.272, 165.356, -27.2579, -269.404, 157.33, -9.16065, -15.0954, -338.038]
[336.591, 165.356, -27.5765, -269.404, 157.33, -9.16065, -15.0954, -338.038]
[336.591, 165.356, -27.5765, -270.26, 157.33, -8.30535, -15.0954, -338.038]
[338.361, 165.356, -27.5765, -270.26, 155.56, -8.30535, -15.0954, -338.038]
[338.361, 167.213, -27.5765, -270.26, 155.56, -10.162, -15.0954, -338.038]
[340.257, 165.316, -27.5765, -270.26, 155.56, -10.162, -15.0954, -338.038]
[340.602, 165.316, -27.5765, -270.26, 155.56, -10.162, -15.4405, -338.038]
[340.602, 165.316, -27.5765, -266.084, 155.56, -10.162, -15.4405, -342.214]
[340.602, 165.316, -26.531, -267.13, 155.56, -10.162, -15.4405, -342.214]
[340.602, 167.144, -26.531, -267.13, 155.56, -11.9901, -15.4405, -342.214]
[340.616, 167.144, -26.531, -267.13, 155.56, -11.9901, -15.4405, -342.227]
[340.616, 167.144, -26.531, -263.155, 155.56, -11.9901, -15.4405, -346.202]
[340.97, 167.144, -26.531, -263.155, 155.56, -12.3445, -15.4405, -346.202]
[340.999, 167.144, -26.531, -263.184, 155.56, -12.3445, -15.4405, -346.202]
[340.999, 167.144, -25.4677, -264.247, 155.56, -12.3445, -15.4405, -346.202]
[340.999, 167.144, -24.4249, -265.29, 155.56, -12.3445, -15.4405, -346.202]
[340.999, 167.144, -24.4249, -265.29, 157.459, -12.3445, -17.3395, -346.202]
[340.999, 167.144, -24.4249, -265.29, 146.899, -12.3445, -6.77942, -346.202]
[340.999, 167.144, -24.4249, -266.205, 146.899, -11.4292, -6.77942, -346.202]
[342.853, 165.291, -24.4249, -266.205, 146.899, -11.4292, -6.77942, -346.202]
[342.853, 165.291, -23.9475, -266.205, 146.899, -11.4292, -6.77942, -346.68]
[343.202, 165.291, -23.9475, -266.205, 146.899, -11.7779, -6.77942, -346.68]
[343.23, 165.291, -23.9475, -266.233, 146.899, -11.7779, -6.77942, -346.68]
[343.242, 165.291, -23.9475, -266.233, 146.899, -11.7779, -6.77942, -346.692]
[344.768, 165.291, -23.9475, -266.233, 145.373, -11.7779, -6.77942, -346.692]
[344.768, 165.291, -23.9475, -267.095, 145.373, -11.7779, -5.91782, -346.692]
[344.768, 165.291, -23.9475, -267.095, 147.611, -11.7779, -8.15592, -346.692]
[346.535, 163.524, -23.9475, -267.095, 147.611, -11.7779, -8.15592, -346.692]
[346.87, 163.524, -23.9475, -267.095, 147.611, -12.1131, -8.15592, -346.692]
[347.203, 163.524, -23.9475, -267.095, 147.611, -12.4461, -8.15592, -346.692]
[347.23, 163.524, -23.9475, -267.122, 147.611, -12.4461, -8.15592, -346.692]
[347.23, 163.524, -23.9475, -267.122, 149.768, -12.4461, -10.3131, -346.692]
[347.561, 163.524, -23.9475, -267.122, 149.768, -12.777, -10.3131, -346.692]
[347.897, 163.524, -23.9475, -267.122, 149.768, -12.777, -10.6498, -346.692]
[349.591, 161.83, -23.9475, -267.122, 149.768, -12.777, -10.6498, -346.692]
[349.591, 161.83, -22.9458, -268.123, 149.768, -12.777, -10.6498, -346.692]
[349.883, 161.83, -23.2377, -268.123, 149.768, -12.777, -10.6498, -346.692]
[349.883, 161.83, -23.2377, -268.123, 151.807, -14.816, -10.6498, -346.692]
[349.883, 161.996, -23.2377, -268.289, 151.807, -14.816, -10.6498, -346.692]
[349.883, 161.996, -23.2377, -268.289, 153.848, -14.816, -12.6903, -346.692]
[351.526, 160.353, -23.2377, -268.289, 153.848, -14.816, -12.6903, -346.692]
[351.812, 160.353, -23.5232, -268.289, 153.848, -14.816, -12.6903, -346.692]
[351.812, 160.353, -23.5232, -269.182, 153.848, -14.816, -11.7973, -346.692]
[353.404, 158.76, -23.5232, -269.182, 153.848, -14.816, -11.7973, -346.692]
[353.404, 158.93, -23.5232, -269.352, 153.848, -14.816, -11.7973, -346.692]
[353.404, 158.93, -23.5232, -265.437, 153.848, -14.816, -11.7973, -350.607]
[353.404, 160.652, -25.2453, -265.437, 153.848, -14.816, -11.7973, -350.607]
[354.888, 160.652, -25.2453, -265.437, 152.364, -14.816, -11.7973, -350.607]
[354.888, 160.652, -25.2453, -261.729, 152.364, -14.816, -11.7973, -354.315]
[355.159, 160.652, -25.5163, -261.729, 152.364, -14.816, -11.7973, -354.315]
[355.458, 160.652, -25.5163, -261.729, 152.364, -15.1152, -11.7973, -354.315]
[356.897, 160.652, -25.5163, -261.729, 150.926, -15.1152, -11.7973, -354.315]
[356.897, 160.831, -25.5163, -261.908, 150.926, -15.1152, -11.7973, -354.315]
[357.2, 160.831, -25.5163, -261.908, 150.926, -15.1152, -12.1003, -354.315]
[357.2, 160.831, -25.5163, -261.908, 140.507, -4.69657, -12.1003, -354.315]
[357.501, 160.831, -25.5163, -261.908, 140.507, -4.69657, -12.4015, -354.315]
[357.8, 160.831, -25.5163, -261.908, 140.507, -4.69657, -12.7009, -354.315]
[357.8, 160.831, -25.5163, -261.908, 142.859, -7.04848, -12.7009, -354.315]
[357.8, 160.831, -25.5163, -258.385, 142.859, -7.04848, -12.7009, -357.838]
[357.8, 160.831, -25.5163, -267.436, 142.859, -7.04848, -12.7009, -348.787]
[358.098, 160.831, -25.5163, -267.436, 142.859, -7.04848, -12.9986, -348.787]
[358.098, 160.831, -25.5163, -267.637, 143.06, -7.04848, -12.9986, -348.787]
[358.098, 160.831, -24.5049, -268.649, 143.06, -7.04848, -12.9986, -348.787]
[359.391, 160.831, -24.5049, -268.649, 141.767, -7.04848, -12.9986, -348.787]
[359.391, 160.831, -23.5122, -269.641, 141.767, -7.04848, -12.9986, -348.787]
[359.391, 160.831, -23.5122, -269.641, 141.767, -7.04848, -12.5815, -349.204]
[360.888, 159.334, -23.5122, -269.641, 141.767, -7.04848, -12.5815, -349.204]
[362.134, 159.334, -23.5122, -269.641, 140.521, -7.04848, -12.5815, -349.204]
[362.42, 159.334, -23.5122, -269.641, 140.521, -7.04848, -12.8672, -349.204]
[362.42, 159.334, -23.5122, -278.185, 140.521, -7.04848, -12.8672, -340.661]
[362.42, 159.488, -23.5122, -278.339, 140.521, -7.04848, -12.8672, -340.661]
[362.676, 159.488, -23.7682, -278.339, 140.521, -7.04848, -12.8672, -340.661]
[362.96, 159.488, -23.7682, -278.339, 140.521, -7.04848, -13.1506, -340.661]
[362.96, 159.488, -23.7682, -274.011, 140.521, -7.04848, -13.1506, -344.989]
[362.96, 159.488, -23.7682, -274.861, 140.521, -7.04848, -12.3002, -344.989]
[362.981, 159.488, -23.7682, -274.882, 140.521, -7.04848, -12.3002, -344.989]
[363.265, 159.488, -23.7682, -274.882, 140.521, -7.04848, -12.5843, -344.989]
[363.265, 159.488, -23.7682, -274.882, 142.726, -7.04848, -14.7893, -344.989]
[363.265, 159.488, -23.7682, -274.882, 144.852, -7.04848, -16.9155, -344.989]
[363.265, 159.488, -23.7682, -275.756, 144.852, -7.04848, -16.0419, -344.989]
[363.265, 159.488, -23.7682, -275.938, 145.034, -7.04848, -16.0419, -344.989]
[363.265, 159.488, -23.7682, -275.938, 147.098, -7.04848, -18.1061, -344.989]
[363.265, 159.488, -22.8463, -276.86, 147.098, -7.04848, -18.1061, -344.989]
[364.545, 159.488, -22.8463, -276.86, 145.818, -7.04848, -18.1061, -344.989]
[364.565, 159.488, -22.8463, -276.88, 145.818, -7.04848, -18.1061, -344.989]
[364.565, 159.488, -22.8463, -277.747, 145.818, -7.04848, -17.239, -344.989]
[364.565, 161.46, -22.8463, -277.747, 145.818, -9.02043, -17.239, -344.989]
[364.565, 161.46, -22.8463, -273.557, 145.818, -9.02043, -17.239, -349.179]
[364.565, 161.46, -22.8463, -269.596, 145.818, -9.02043, -17.239, -353.14]
[364.565, 161.46, -22.8463, -270.449, 145.818, -8.16778, -17.239, -353.14]
[364.565, 161.46, -22.8463, -258.963, 145.818, -8.16778, -28.7248, -353.14]
[364.565, 161.46, -22.8463, -259.896, 145.818, -7.23411, -28.7248, -353.14]
[364.565, 161.641, -22.8463, -260.077, 145.818, -7.23411, -28.7248, -353.14]
[364.565, 161.641, -22.8463, -256.571, 145.818, -7.23411, -28.7248, -356.646]
[364.565, 161.641, -22.8463, -256.571, 148.024, -9.44008, -28.7248, -356.646]
[364.565, 161.827, -22.8463, -256.757, 148.024, -9.44008, -28.7248, -356.646]
[352.454, 161.827, -22.8463, -256.757, 148.024, 2.67109, -28.7248, -356.646]
[352.482, 161.827, -22.8463, -256.785, 148.024, 2.67109, -28.7248, -356.646]
[352.482, 161.827, -22.8463, -256.785, 150.373, 0.322019, -28.7248, -356.646]
[352.766, 161.827, -23.1303, -256.785, 150.373, 0.322019, -28.7248, -356.646]
[352.766, 161.827, -23.1303, -257.935, 150.373, 0.322019, -27.5749, -356.646]
[353.048, 161.827, -23.4127, -257.935, 150.373, 0.322019, -27.5749, -356.646]
[353.048, 161.827, -23.4127, -258.806, 150.373, 1.19327, -27.5749, -356.646]
[353.329, 161.827, -23.6935, -258.806, 150.373, 1.19327, -27.5749, -356.646]
[353.608, 161.827, -23.9729, -258.806, 150.373, 1.19327, -27.5749, -356.646]
[353.608, 162.009, -23.9729, -258.988, 150.373, 1.19327, -27.5749, -356.646]
[353.886, 162.009, -24.2506, -258.988, 150.373, 1.19327, -27.5749, -356.646]
[355.473, 160.422, -24.2506, -258.988, 150.373, 1.19327, -27.5749, -356.646]
[355.473, 160.422, -24.2506, -259.192, 150.577, 1.19327, -27.5749, -356.646]
[355.473, 160.422, -24.2506, -259.192, 152.85, -1.08003, -27.5749, -356.646]
[355.473, 162.479, -24.2506, -259.192, 152.85, -3.1369, -27.5749, -356.646]
[355.473, 162.479, -24.2506, -268.194, 152.85, -3.1369, -27.5749, -347.644]
[355.473, 162.479, -24.2506, -269.011, 152.85, -2.31915, -27.5749, -347.644]
[355.473, 162.479, -24.2506, -269.011, 154.602, -2.31915, -29.3273, -347.644]
[355.473, 162.479, -24.2506, -269.011, 156.303, -2.31915, -31.0276, -347.644]
[355.497, 162.479, -24.2506, -269.035, 156.303, -2.31915, -31.0276, -347.644]
[355.497, 162.479, -24.2506, -270.086, 156.303, -2.31915, -29.9774, -347.644]
[355.497, 162.641, -24.2506, -270.248, 156.303, -2.31915, -29.9774, -347.644]
[355.497, 164.639, -24.2506, -270.248, 156.303, -4.31738, -29.9774, -347.644]
[355.497, 164.639, -24.2506, -270.419, 156.474, -4.31738, -29.9774, -347.644]
[355.497, 164.639, -24.2506, -266.501, 156.474, -4.31738, -29.9774, -351.562]
[355.754, 164.639, -24.2506, -266.501, 156.474, -4.31738, -30.2346, -351.562]
[355.754, 164.639, -24.2506, -267.341, 156.474, -3.47741, -30.2346, -351.562]
[356.026, 164.639, -24.5219, -267.341, 156.474, -3.47741, -30.2346, -351.562]
[356.026, 164.802, -24.5219, -267.504, 156.474, -3.47741, -30.2346, -351.562]
[356.026, 164.802, -24.5219, -268.33, 156.474, -2.65175, -30.2346, -351.562]
[356.026, 164.802, -24.5219, -268.33, 146.173, 7.64913, -30.2346, -351.562]
[356.026, 164.802, -23.5261, -269.326, 146.173, 7.64913, -30.2346, -351.562]
[356.026, 164.802, -23.5261, -269.517, 146.365, 7.64913, -30.2346, -351.562]
[356.026, 166.935, -23.5261, -269.517, 146.365, 5.51655, -30.2346, -351.562]
[356.281, 166.935, -23.5261, -269.517, 146.365, 5.51655, -30.4897, -351.562]
[356.281, 166.935, -23.5261, -265.727, 146.365, 5.51655, -30.4897, -355.352]
[356.281, 166.935, -22.5155, -266.738, 146.365, 5.51655, -30.4897, -355.352]
[344.243, 166.935, -22.5155, -266.738, 146.365, 17.5546, -30.4897, -355.352]
[344.243, 166.935, -22.5155, -263.118, 146.365, 17.5546, -30.4897, -358.972]
[344.528, 166.935, -22.5155, -263.118, 146.365, 17.5546, -30.7754, -358.972]
[344.528, 166.935, -22.5155, -264.224, 146.365, 17.5546, -29.6694, -358.972]
[344.528, 167.099, -22.5155, -264.388, 146.365, 17.5546, -29.6694, -358.972]
[344.556, 167.099, -22.5155, -264.417, 146.365, 17.5546, -29.6694, -358.972]
[344.585, 167.099, -22.5155, -264.445, 146.365, 17.5546, -29.6694, -358.972]
[344.585, 167.099, -22.5155, -265.526, 146.365, 17.5546, -28.5877, -358.972]
[344.585, 167.099, -22.5155, -265.725, 146.563, 17.5546, -28.5877, -358.972]
[344.585, 167.099, -21.5142, -266.726, 146.563, 17.5546, -28.5877, -358.972]
[346.382, 165.302, -21.5142, -266.726, 146.563, 17.5546, -28.5877, -358.972]
[346.382, 166.96, -23.1726, -266.726, 146.563, 17.5546, -28.5877, -358.972]
[346.382, 167.12, -23.1726, -266.886, 146.563, 17.5546, -28.5877, -358.972]
[346.382, 167.12, -22.1759, -267.883, 146.563, 17.5546, -28.5877, -358.972]
[346.382, 167.12, -22.1759, -268.558, 146.563, 18.2298, -28.5877, -358.972]
[346.382, 167.12, -22.1759, -269.589, 146.563, 18.2298, -27.5561, -358.972]
[346.382, 167.12, -21.2126, -270.553, 146.563, 18.2298, -27.5561, -358.972]
[346.831, 167.12, -21.2126, -270.553, 146.563, 17.7809, -27.5561, -358.972]
[346.831, 168.757, -22.8494, -270.553, 146.563, 17.7809, -27.5561, -358.972]
[346.831, 168.757, -22.8494, -279.327, 146.563, 17.7809, -27.5561, -350.197]
[346.831, 168.896, -22.8494, -279.466, 146.563, 17.7809, -27.5561, -350.197]
[346.831, 170.484, -24.4382, -279.466, 146.563, 17.7809, -27.5561, -350.197]
[347.117, 170.484, -24.4382, -279.466, 146.563, 17.7809, -27.8427, -350.197]
[347.117, 172.697, -24.4382, -279.466, 146.563, 15.5686, -27.8427, -350.197]
[347.117, 172.697, -24.4382, -279.466, 149.198, 12.9339, -27.8427, -350.197]
[347.117, 172.697, -24.4382, -275.372, 149.198, 12.9339, -27.8427, -354.291]
[347.117, 172.697, -24.4382, -276.334, 149.198, 12.9339, -26.8805, -354.291]
[347.412, 172.697, -24.7329, -276.334, 149.198, 12.9339, -26.8805, -354.291]
[347.412, 172.697, -24.7329, -276.334, 139.326, 22.8057, -26.8805, -354.291]
[347.412, 172.697, -24.7329, -276.334, 142.274, 19.8582, -26.8805, -354.291]
[347.412, 172.697, -24.7329, -276.334, 144.203, 19.8582, -28.8094, -354.291]
[347.705, 172.697, -25.0258, -276.334, 144.203, 19.8582, -28.8094, -354.291]
[347.705, 174.205, -26.5337, -276.334, 144.203, 19.8582, -28.8094, -354.291]
[348.155, 174.205, -26.5337, -276.334, 144.203, 19.4079, -28.8094, -354.291]
[348.155, 174.205, -26.5337, -272.436, 144.203, 19.4079, -28.8094, -358.189]
[348.155, 174.205, -26.5337, -272.436, 146.968, 16.6423, -28.8094, -358.189]
[348.155, 176.33, -26.5337, -272.436, 146.968, 14.5169, -28.8094, -358.189]
[349.618, 176.33, -26.5337, -272.436, 145.506, 14.5169, -28.8094, -358.189]
[351.48, 174.467, -26.5337, -272.436, 145.506, 14.5169, -28.8094, -358.189]
[351.48, 174.467, -26.5337, -272.436, 148.14, 11.8821, -28.8094, -358.189]
[351.48, 174.467, -26.5337, -272.436, 149.946, 11.8821, -30.6147, -358.189]
[351.48, 174.467, -26.5337, -273.45, 149.946, 11.8821, -29.6006, -358.189]
[353.285, 172.663, -26.5337, -273.45, 149.946, 11.8821, -29.6006, -358.189]
[353.285, 172.663, -31.5568, -273.45, 149.946, 16.9051, -29.6006, -358.189]
[354.72, 172.663, -31.5568, -273.45, 148.511, 16.9051, -29.6006, -358.189]
[354.72, 172.805, -31.5568, -273.592, 148.511, 16.9051, -29.6006, -358.189]
[354.72, 172.805, -31.5568, -273.592, 150.298, 16.9051, -31.3881, -358.189]
[356.141, 172.805, -31.5568, -273.592, 148.877, 16.9051, -31.3881, -358.189]
[356.141, 172.946, -31.5568, -273.733, 148.877, 16.9051, -31.3881, -358.189]
[356.141, 172.946, -31.5568, -282.405, 148.877, 16.9051, -31.3881, -349.517]
[357.852, 171.235, -31.5568, -282.405, 148.877, 16.9051, -31.3881, -349.517]
[357.852, 171.235, -31.5568, -282.997, 148.877, 17.4971, -31.3881, -349.517]
[357.852, 171.365, -31.5568, -283.127, 148.877, 17.4971, -31.3881, -349.517]
[358.1, 171.365, -31.5568, -283.127, 148.877, 17.4971, -31.6359, -349.517]
[358.1, 171.365, -43.0286, -271.656, 148.877, 17.4971, -31.6359, -349.517]
[358.1, 171.511, -43.0286, -271.802, 148.877, 17.4971, -31.6359, -349.517]
[358.1, 171.511, -35.0084, -271.802, 148.877, 9.47676, -31.6359, -349.517]
[358.339, 171.511, -35.247, -271.802, 148.877, 9.47676, -31.6359, -349.517]
[358.339, 4.47507, 131.789, -271.802, 148.877, 9.47676, -31.6359, -349.517]
[358.339, 4.47507, 131.789, -271.802, 151.341, 7.01224, -31.6359, -349.517]
[358.339, 4.47507, 119.606, -259.618, 151.341, 7.01224, -31.6359, -349.517]
[358.339, 4.47507, 119.606, -259.818, 151.542, 7.01224, -31.6359, -349.517]
[358.339, 1.49624, 122.585, -259.818, 151.542, 7.01224, -31.6359, -349.517]
[346.299, 1.49624, 122.585, -259.818, 151.542, 19.0523, -31.6359, -349.517]
[346.299, 1.49624, 122.585, -256.227, 151.542, 19.0523, -31.6359, -353.109]
[346.751, 1.49624, 122.585, -256.227, 151.542, 18.5994, -31.6359, -353.109]
[347.2, 1.49624, 122.585, -256.227, 151.542, 18.1504, -31.6359, -353.109]
[347.645, 1.49624, 122.585, -256.227, 151.542, 17.7053, -31.6359, -353.109]
[347.645, 1.49624, 122.585, -256.433, 151.748, 17.7053, -31.6359, -353.109]
[335.688, 1.49624, 122.585, -256.433, 151.748, 29.6629, -31.6359, -353.109]
[335.688, 1.49624, 122.585, -253.017, 151.748, 29.6629, -31.6359, -356.525]
[336.243, 1.49624, 122.585, -253.017, 151.748, 29.1077, -31.6359, -356.525]
[336.243, 1.49624, 122.585, -253.017, 153.456, 29.1077, -33.3442, -356.525]
[336.243, -1.34985, 125.431, -253.017, 153.456, 29.1077, -33.3442, -356.525]
[336.243, -1.34985, 125.431, -254.258, 153.456, 29.1077, -32.1038, -356.525]
[337.96, -1.34985, 125.431, -254.258, 151.739, 29.1077, -32.1038, -356.525]
[339.627, -1.34985, 125.431, -254.258, 150.072, 29.1077, -32.1038, -356.525]
[340.159, -1.34985, 125.431, -254.258, 150.072, 28.5759, -32.1038, -356.525]
[340.686, -1.34985, 125.431, -254.258, 150.072, 28.0494, -32.1038, -356.525]
[340.686, -1.34985, 125.431, -254.953, 150.072, 28.7449, -32.1038, -356.525]
[340.686, -1.34985, 125.431, -254.953, 151.799, 28.7449, -33.83, -356.525]
[340.686, -1.34985, 125.431, -255.639, 151.799, 29.4313, -33.83, -356.525]
[340.686, -1.34985, 125.431, -255.639, 154.617, 26.6131, -33.83, -356.525]
[340.686, -1.34985, 125.431, -255.639, 157.314, 23.9158, -33.83, -356.525]
[340.717, -1.34985, 125.431, -255.671, 157.314, 23.9158, -33.83, -356.525]
[341.003, -1.34985, 125.431, -255.671, 157.314, 23.9158, -34.1162, -356.525]
[341.003, -1.34985, 125.431, -256.385, 157.314, 24.6293, -34.1162, -356.525]
[341.003, -1.34985, 125.431, -257.596, 157.314, 24.6293, -32.9044, -356.525]
[341.291, -1.34985, 125.431, -257.596, 157.314, 24.6293, -33.1923, -356.525]
[329.394, -1.34985, 125.431, -257.596, 157.314, 36.5268, -33.1923, -356.525]
[329.394, -1.34985, 125.431, -266.635, 157.314, 36.5268, -33.1923, -347.487]
[329.832, -1.78774, 125.431, -266.635, 157.314, 36.5268, -33.1923, -347.487]
[329.832, -1.78774, 125.431, -262.813, 157.314, 36.5268, -33.1923, -351.308]
[329.832, -4.50164, 128.145, -262.813, 157.314, 36.5268, -33.1923, -351.308]
[329.832, -4.50164, 128.388, -263.057, 157.314, 36.5268, -33.1923, -351.308]
[329.832, -4.50164, 128.388, -263.057, 158.92, 36.5268, -34.7984, -351.308]
[329.832, -4.50164, 131.925, -263.057, 158.92, 32.9901, -34.7984, -351.308]
[329.832, -4.50164, 132.159, -263.291, 158.92, 32.9901, -34.7984, -351.308]
[329.832, -4.50164, 132.159, -263.9, 158.92, 33.5993, -34.7984, -351.308]
[329.832, -3.63959, 132.159, -264.762, 158.92, 33.5993, -34.7984, -351.308]
[329.832, -3.63959, 132.159, -264.939, 159.097, 33.5993, -34.7984, -351.308]
[329.832, -3.63959, 132.159, -266.067, 159.097, 33.5993, -33.6701, -351.308]
[329.832, -3.63959, 132.159, -274.76, 159.097, 33.5993, -33.6701, -342.616]
[329.832, -3.63959, 132.159, -274.76, 160.672, 33.5993, -35.2448, -342.616]
[329.832, -3.63959, 132.159, -275.796, 160.672, 33.5993, -34.209, -342.616]
[330.441, -3.63959, 132.159, -275.796, 160.672, 32.9898, -34.209, -342.616]
[330.441, -3.63959, 132.159, -271.594, 160.672, 32.9898, -34.209, -346.818]
[330.441, -2.84369, 132.159, -272.39, 160.672, 32.9898, -34.209, -346.818]
[330.757, -2.84369, 132.159, -272.39, 160.672, 32.9898, -34.5242, -346.818]
[330.757, -2.84369, 132.159, -280.795, 160.672, 32.9898, -34.5242, -338.412]
[330.757, -2.84369, 132.159, -276.334, 160.672, 32.9898, -34.5242, -342.874]
[331.357, -2.84369, 132.159, -276.334, 160.672, 32.3892, -34.5242, -342.874]
[331.951, -2.84369, 132.159, -276.334, 160.672, 31.7953, -34.5242, -342.874]
[331.951, -2.08805, 132.159, -277.09, 160.672, 31.7953, -34.5242, -342.874]
[331.979, -2.08805, 132.159, -277.118, 160.672, 31.7953, -34.5242, -342.874]
[331.979, -4.6559, 134.727, -277.118, 160.672, 31.7953, -34.5242, -342.874]
[331.979, -4.6559, 134.926, -277.316, 160.672, 31.7953, -34.5242, -342.874]
[331.979, -4.6559, 134.926, -277.855, 160.672, 32.3344, -34.5242, -342.874]
[333.496, -4.6559, 133.409, -277.855, 160.672, 32.3344, -34.5242, -342.874]
[321.124, -4.6559, 133.409, -265.484, 160.672, 32.3344, -34.5242, -342.874]
[321.124, -7.14689, 135.9, -265.484, 160.672, 32.3344, -34.5242, -342.874]
[321.124, -7.14689, 136.12, -265.704, 160.672, 32.3344, -34.5242, -342.874]
[321.124, -7.14689, 139.363, -265.704, 160.672, 29.0913, -34.5242, -342.874]
[321.159, -7.14689, 139.363, -265.739, 160.672, 29.0913, -34.5242, -342.874]
[321.159, -6.27835, 139.363, -266.607, 160.672, 29.0913, -34.5242, -342.874]
[321.159, -6.27835, 139.363, -267.716, 160.672, 29.0913, -33.4155, -342.874]
[321.159, -6.27835, 139.363, -263.742, 160.672, 29.0913, -33.4155, -346.847]
[309.395, -6.27835, 139.363, -263.742, 160.672, 40.856, -33.4155, -346.847]
[309.395, -6.27835, 127.18, -251.56, 160.672, 40.856, -33.4155, -346.847]
[311.12, -6.27835, 125.455, -251.56, 160.672, 40.856, -33.4155, -346.847]
[311.165, -6.27835, 125.455, -251.604, 160.672, 40.856, -33.4155, -346.847]
[311.165, -8.89776, 128.074, -251.604, 160.672, 40.856, -33.4155, -346.847]
[311.165, -8.89776, 128.074, -252.236, 160.672, 41.4878, -33.4155, -346.847]
[311.548, -8.89776, 128.074, -252.236, 160.672, 41.4878, -33.7986, -346.847]
[313.255, -8.89776, 126.367, -252.236, 160.672, 41.4878, -33.7986, -346.847]
[313.255, -7.89764, 126.367, -253.236, 160.672, 41.4878, -33.7986, -346.847]
[313.255, -7.89764, 126.639, -253.508, 160.672, 41.4878, -33.7986, -346.847]
[313.255, -7.89764, 126.639, -253.508, 163.56, 38.5997, -33.7986, -346.847]
[301.23, -7.89764, 126.639, -253.508, 163.56, 38.5997, -21.7737, -346.847]
[301.702, -7.89764, 126.639, -253.508, 163.56, 38.5997, -22.2455, -346.847]
[303.536, -7.89764, 124.805, -253.508, 163.56, 38.5997, -22.2455, -346.847]
[303.536, -6.91822, 124.805, -254.488, 163.56, 38.5997, -22.2455, -346.847]
[303.536, -6.91822, 125.078, -254.761, 163.56, 38.5997, -22.2455, -346.847]
[303.536, -6.91822, 125.078, -263.629, 163.56, 38.5997, -22.2455, -337.979]
[303.536, -6.91822, 125.078, -263.8, 163.73, 38.5997, -22.2455, -337.979]
[303.536, -6.91822, 125.078, -259.8, 163.73, 38.5997, -22.2455, -341.979]
[303.536, -6.00241, 125.078, -260.715, 163.73, 38.5997, -22.2455, -341.979]
[303.536, -6.00241, 125.078, -256.905, 163.73, 38.5997, -22.2455, -345.79]
[303.536, -6.00241, 125.078, -257.519, 163.73, 39.2134, -22.2455, -345.79]
[303.996, -6.00241, 125.078, -257.519, 163.73, 39.2134, -22.7049, -345.79]
[303.996, -6.00241, 125.078, -258.6, 163.73, 39.2134, -21.6235, -345.79]
[303.996, -6.00241, 125.078, -267.343, 163.73, 39.2134, -21.6235, -337.047]
[304.456, -6.00241, 125.078, -267.343, 163.73, 39.2134, -22.0836, -337.047]
[306.894, -6.00241, 125.078, -267.343, 161.292, 39.2134, -22.0836, -337.047]
[306.894, -6.00241, 125.078, -267.511, 161.46, 39.2134, -22.0836, -337.047]
[306.894, -6.00241, 125.078, -267.511, 163.166, 39.2134, -23.7895, -337.047]
[306.894, -5.15713, 125.078, -268.356, 163.166, 39.2134, -23.7895, -337.047]
[308.626, -5.15713, 123.346, -268.356, 163.166, 39.2134, -23.7895, -337.047]
[310.973, -5.15713, 123.346, -268.356, 160.819, 39.2134, -23.7895, -337.047]
[310.973, -5.15713, 123.346, -269.345, 160.819, 39.2134, -22.8007, -337.047]
[312.62, -5.15713, 121.7, -269.345, 160.819, 39.2134, -22.8007, -337.047]
[312.62, -4.33272, 121.7, -270.17, 160.819, 39.2134, -22.8007, -337.047]
[312.62, -4.33272, 121.7, -270.17, 162.524, 39.2134, -24.5055, -337.047]
[313.376, -4.33272, 121.7, -270.17, 162.524, 38.4572, -24.5055, -337.047]
[313.376, -3.5209, 121.7, -270.981, 162.524, 38.4572, -24.5055, -337.047]
[313.376, -3.5209, 121.939, -271.221, 162.524, 38.4572, -24.5055, -337.047]
[313.376, -3.5209, 121.939, -271.221, 165.305, 35.6759, -24.5055, -337.047]
[313.376, -3.5209, 125.619, -271.221, 165.305, 31.996, -24.5055, -337.047]
[313.376, -3.5209, 125.619, -279.39, 165.305, 31.996, -24.5055, -328.878]
[313.409, -3.5209, 125.619, -279.423, 165.305, 31.996, -24.5055, -328.878]
[313.409, -3.5209, 125.619, -287.125, 165.305, 31.996, -24.5055, -321.176]
[313.409, -3.5209, 125.619, -287.125, 166.921, 31.996, -26.1214, -321.176]
[313.409, -3.5209, 125.619, -287.125, 169.475, 29.4419, -26.1214, -321.176]
[315.785, -3.5209, 125.619, -287.125, 167.099, 29.4419, -26.1214, -321.176]
[315.785, -3.5209, 125.619, -287.125, 168.667, 29.4419, -27.6899, -321.176]
[316.172, -3.5209, 125.619, -287.125, 168.667, 29.4419, -28.0771, -321.176]
[316.659, -4.00795, 125.619, -287.125, 168.667, 29.4419, -28.0771, -321.176]
[317.142, -4.49045, 125.619, -287.125, 168.667, 29.4419, -28.0771, -321.176]
[317.142, -4.49045, 125.619, -287.125, 170.188, 29.4419, -29.598, -321.176]
[317.142, -3.79715, 125.619, -287.818, 170.188, 29.4419, -29.598, -321.176]
[317.142, -3.79715, 125.619, -287.818, 172.626, 27.0039, -29.598, -321.176]
[317.623, -4.27839, 125.619, -287.818, 172.626, 27.0039, -29.598, -321.176]
[319.208, -4.27839, 124.034, -287.818, 172.626, 27.0039, -29.598, -321.176]
[319.208, -4.27839, 124.034, -295.042, 172.626, 27.0039, -29.598, -313.952]
[319.208, -4.27839, 124.034, -295.042, 174.076, 27.0039, -31.0473, -313.952]
[319.208, -4.27839, 127.441, -295.042, 174.076, 23.5964, -31.0473, -313.952]
[319.208, -4.27839, 127.441, -289.427, 174.076, 23.5964, -31.0473, -319.567]
[319.208, -4.27839, 127.441, -289.947, 174.076, 24.1157, -31.0473, -319.567]
[319.571, -4.27839, 127.441, -289.947, 174.076, 24.1157, -31.4098, -319.567]
[319.571, -4.27839, 127.441, -297.057, 174.076, 24.1157, -31.4098, -312.456]
[319.571, -4.27839, 127.441, -297.057, 175.484, 24.1157, -32.8178, -312.456]
[319.571, -4.27839, 127.441, -297.057, 177.72, 21.879, -32.8178, -312.456]
[319.926, -4.27839, 127.441, -297.057, 177.72, 21.879, -33.1729, -312.456]
[319.926, -4.27839, 127.616, -297.233, 177.72, 21.879, -33.1729, -312.456]
[320.392, -4.74476, 127.616, -297.233, 177.72, 21.879, -33.1729, -312.456]
[320.392, -4.74476, 127.616, -298.058, 177.72, 21.879, -32.3475, -312.456]
[320.989, -4.74476, 127.616, -298.058, 177.72, 21.2826, -32.3475, -312.456]
[320.989, -4.11813, 127.616, -298.685, 177.72, 21.2826, -32.3475, -312.456]
[320.989, -6.73751, 130.236, -298.685, 177.72, 21.2826, -32.3475, -312.456]
[322.591, -6.73751, 128.633, -298.685, 177.72, 21.2826, -32.3475, -312.456]
[324.15, -6.73751, 127.075, -298.685, 177.72, 21.2826, -32.3475, -312.456]
[324.15, -6.73751, 127.075, -299.493, 177.72, 21.2826, -31.5395, -312.456]
[324.15, -6.73751, 127.075, -299.975, 177.72, 21.7646, -31.5395, -312.456]
[324.15, -6.73751, 127.075, -300.452, 177.72, 22.2421, -31.5395, -312.456]
[324.15, -6.73751, 127.075, -294.625, 177.72, 22.2421, -31.5395, -318.284]
[324.15, -6.73751, 127.075, -294.734, 177.83, 22.2421, -31.5395, -318.284]
[324.15, -6.07847, 127.075, -295.393, 177.83, 22.2421, -31.5395, -318.284]
[324.15, -8.66867, 129.665, -295.393, 177.83, 22.2421, -31.5395, -318.284]
[324.494, -8.66867, 129.665, -295.393, 177.83, 22.2421, -31.8834, -318.284]
[324.921, -9.09646, 129.665, -295.393, 177.83, 22.2421, -31.8834, -318.284]
[326.462, -9.09646, 128.124, -295.393, 177.83, 22.2421, -31.8834, -318.284]
[326.462, -9.09646, 131.317, -295.393, 177.83, 19.049, -31.8834, -318.284]
[328.75, -9.09646, 131.317, -295.393, 175.542, 19.049, -31.8834, -318.284]
[329.286, -9.09646, 131.317, -295.393, 175.542, 18.513, -31.8834, -318.284]
[330.79, -9.09646, 129.813, -295.393, 175.542, 18.513, -31.8834, -318.284]
[330.79, -9.09646, 129.951, -295.393, 175.542, 18.513, -31.8834, -318.423]
[330.79, -9.09646, 133.015, -295.393, 175.542, 15.4498, -31.8834, -318.423]
[330.79, -9.09646, 133.015, -295.393, 177.623, 13.3686, -31.8834, -318.423]
[330.79, -11.5079, 135.426, -295.393, 177.623, 13.3686, -31.8834, -318.423]
[330.79, -11.5079, 135.426, -283.535, 177.623, 1.51063, -31.8834, -318.423]
[330.79, -11.5079, 135.611, -283.72, 177.623, 1.51063, -31.8834, -318.423]
[331.111, -11.5079, 135.611, -283.72, 177.623, 1.51063, -32.2047, -318.423]
[331.111, -10.7431, 135.611, -284.485, 177.623, 1.51063, -32.2047, -318.423]
[331.111, -10.7431, 135.794, -284.668, 177.623, 1.51063, -32.2047, -318.423]
[331.111, -10.7431, 135.794, -279.505, 177.623, 1.51063, -32.2047, -323.586]
[331.431, -10.7431, 135.794, -279.505, 177.623, 1.51063, -32.524, -323.586]
[331.431, -10.7431, 135.794, -280.209, 177.623, 2.21461, -32.524, -323.586]
[331.431, -10.7431, 135.794, -280.335, 177.749, 2.21461, -32.524, -323.586]
[331.875, -10.7431, 135.794, -280.335, 177.749, 1.77022, -32.524, -323.586]
[334.062, -10.7431, 135.794, -280.335, 175.563, 1.77022, -32.524, -323.586]
[334.062, -10.7431, 135.794, -275.455, 175.563, 1.77022, -32.524, -328.465]
[334.062, -13.0697, 138.121, -275.455, 175.563, 1.77022, -32.524, -328.465]
[334.062, -13.0697, 138.121, -270.862, 175.563, 1.77022, -32.524, -333.059]
[334.091, -13.0697, 138.121, -270.891, 175.563, 1.77022, -32.524, -333.059]
[334.522, -13.0697, 138.121, -270.891, 175.563, 1.33895, -32.524, -333.059]
[336.048, -13.0697, 136.595, -270.891, 175.563, 1.33895, -32.524, -333.059]
[336.048, -13.0697, 136.595, -278.958, 175.563, 1.33895, -32.524, -324.992]
[338.122, -13.0697, 136.595, -278.958, 173.489, 1.33895, -32.524, -324.992]
[338.122, -13.0697, 136.787, -279.149, 173.489, 1.33895, -32.524, -324.992]
[338.122, -13.0697, 136.977, -279.34, 173.489, 1.33895, -32.524, -324.992]
[338.122, -13.0697, 137.167, -279.53, 173.489, 1.33895, -32.524, -324.992]
[339.588, -13.0697, 135.702, -279.53, 173.489, 1.33895, -32.524, -324.992]
[339.588, -14.7318, 135.702, -279.53, 175.151, 1.33895, -32.524, -324.992]
[339.588, -14.7318, 135.702, -280.497, 175.151, 1.33895, -31.5571, -324.992]
[339.588, -14.7318, 135.702, -288.053, 175.151, 1.33895, -31.5571, -317.436]
[339.588, -14.7318, 138.267, -288.053, 175.151, -1.22655, -31.5571, -317.436]
[339.588, -4.53991, 128.075, -288.053, 175.151, -1.22655, -31.5571, -317.436]
[339.611, -4.53991, 128.075, -288.076, 175.151, -1.22655, -31.5571, -317.436]
[339.611, -4.53991, 130.745, -288.076, 175.151, -3.89655, -31.5571, -317.436]
[181.899, -4.53991, 130.745, -288.076, 332.863, -3.89655, -31.5571, -317.436]
[182.01, -4.53991, 130.745, -288.188, 332.863, -3.89655, -31.5571, -317.436]
[182.01, -4.53991, 130.745, -288.213, 332.888, -3.89655, -31.5571, -317.436]
[179.765, -4.53991, 130.745, -288.213, 335.133, -3.89655, -31.5571, -317.436]
[179.765, -4.53991, 130.93, -288.398, 335.133, -3.89655, -31.5571, -317.436]
[179.765, -4.53991, 130.93, -288.422, 335.158, -3.89655, -31.5571, -317.436]
[179.765, -7.08295, 133.473, -288.422, 335.158, -3.89655, -31.5571, -317.436]
[179.765, -7.08295, 133.473, -288.422, 335.562, -4.30066, -31.5571, -317.436]
[179.765, -7.08295, 133.653, -288.602, 335.562, -4.30066, -31.5571, -317.436]
[169.064, -7.08295, 133.653, -288.602, 335.562, 6.39987, -31.5571, -317.436]
[169.064, -6.38231, 133.653, -289.302, 335.562, 6.39987, -31.5571, -317.436]
[169.064, -5.69087, 133.653, -289.994, 335.562, 6.39987, -31.5571, -317.436]
[169.064, -5.0084, 133.653, -290.676, 335.562, 6.39987, -31.5571, -317.436]
[169.064, -7.48753, 136.132, -290.676, 335.562, 6.39987, -31.5571, -317.436]
[169.064, -6.79785, 136.132, -291.366, 335.562, 6.39987, -31.5571, -317.436]
[169.064, -6.79785, 136.132, -298.369, 335.562, 6.39987, -31.5571, -310.433]
[169.064, -7.18923, 136.132, -298.369, 335.953, 6.39987, -31.5571, -310.433]
[169.064, -7.18923, 136.132, -304.942, 335.953, 6.39987, -31.5571, -303.86]
[169.064, -7.18923, 136.132, -305.698, 335.953, 6.39987, -30.8007, -303.86]
[170.544, -7.18923, 136.132, -305.698, 335.953, 6.39987, -32.2804, -303.86]
[170.544, -7.18923, 136.28, -305.846, 335.953, 6.39987, -32.2804, -303.86]
[171.986, -7.18923, 136.28, -305.846, 335.953, 6.39987, -33.722, -303.86]
[171.986, -7.18923, 136.28, -311.984, 335.953, 6.39987, -33.722, -297.722]
[171.986, -9.57438, 138.665, -311.984, 335.953, 6.39987, -33.722, -297.722]
[171.986, -11.869, 140.96, -311.984, 335.953, 6.39987, -33.722, -297.722]
[171.986, -11.869, 140.96, -317.742, 335.953, 6.39987, -33.722, -291.964]
[171.986, -11.869, 140.96, -318.426, 335.953, 6.39987, -33.0377, -291.964]
[173.399, -11.869, 140.96, -318.426, 335.953, 6.39987, -34.4516, -291.964]
[173.399, -11.869, 140.96, -318.426, 336.396, 5.95693, -34.4516, -291.964]
[173.399, -11.869, 140.96, -318.444, 336.414, 5.95693, -34.4516, -291.964]
[173.399, -11.869, 140.96, -306.063, 324.033, 5.95693, -34.4516, -291.964]
[173.399, -14.079, 143.17, -306.063, 324.033, 5.95693, -34.4516, -291.964]
[174.778, -14.079, 143.17, -306.063, 324.033, 5.95693, -35.8304, -291.964]
[174.778, -14.079, 143.17, -299.427, 324.033, 5.95693, -35.8304, -298.599]
[174.778, -14.079, 143.17, -293.202, 324.033, 5.95693, -35.8304, -304.825]
[174.778, -16.2099, 145.301, -293.202, 324.033, 5.95693, -35.8304, -304.825]
[174.778, -15.4787, 145.301, -293.933, 324.033, 5.95693, -35.8304, -304.825]
[176.712, -15.4787, 145.301, -293.933, 324.033, 4.02257, -35.8304, -304.825]
[176.712, -15.4787, 145.301, -293.933, 324.363, 4.02257, -36.1606, -304.825]
[178.585, -15.4787, 145.301, -293.933, 324.363, 2.15053, -36.1606, -304.825]
[178.694, -15.4787, 145.301, -294.042, 324.363, 2.15053, -36.1606, -304.825]
[178.694, -15.4787, 145.301, -294.042, 324.691, 2.15053, -36.4887, -304.825]
[176.357, -15.4787, 145.301, -294.042, 327.028, 2.15053, -36.4887, -304.825]
[176.357, -17.548, 147.37, -294.042, 327.028, 2.15053, -36.4887, -304.825]
[176.468, -17.548, 147.37, -294.154, 327.028, 2.15053, -36.4887, -304.825]
[176.468, -17.548, 147.37, -294.154, 327.491, 1.68718, -36.4887, -304.825]
[176.468, -17.548, 149.713, -294.154, 327.491, -0.655624, -36.4887, -304.825]
[176.468, -17.548, 149.713, -294.154, 327.94, -1.10462, -36.4887, -304.825]
[176.468, -17.548, 149.713, -294.782, 327.94, -0.476406, -36.4887, -304.825]
[176.468, -17.548, 149.713, -294.806, 327.965, -0.476406, -36.4887, -304.825]
[176.468, -17.548, 149.857, -294.95, 327.965, -0.476406, -36.4887, -304.825]
[176.468, -7.10679, 139.415, -294.95, 327.965, -0.476406, -36.4887, -304.825]
[176.468, -7.10679, 139.415, -301.455, 327.965, -0.476406, -36.4887, -298.319]
[176.468, -7.10679, 139.415, -302.038, 327.965, 0.106161, -36.4887, -298.319]
[176.468, -6.48971, 139.415, -302.655, 327.965, 0.106161, -36.4887, -298.319]
[176.468, -6.48971, 139.415, -302.655, 328.28, 0.106161, -36.8044, -298.319]
[176.468, -6.48971, 137.786, -302.655, 329.91, 0.106161, -36.8044, -298.319]
[176.468, -5.87982, 137.786, -303.265, 329.91, 0.106161, -36.8044, -298.319]
[176.468, -5.87982, 137.786, -309.311, 329.91, 0.106161, -36.8044, -292.273]
[176.468, -5.87982, 137.786, -310.074, 329.91, 0.106161, -36.0418, -292.273]
[176.468, -5.87982, 137.786, -315.723, 329.91, 0.106161, -36.0418, -286.624]
[176.468, -5.34454, 137.786, -316.258, 329.91, 0.106161, -36.0418, -286.624]
[176.468, 6.63508, 137.786, -316.258, 317.93, 0.106161, -36.0418, -286.624]
[178.282, 6.63508, 137.786, -316.258, 317.93, -1.70826, -36.0418, -286.624]
[178.37, 6.63508, 137.786, -316.346, 317.93, -1.70826, -36.0418, -286.624]
[178.458, 6.63508, 137.786, -316.433, 317.93, -1.70826, -36.0418, -286.624]
[178.458, 6.63508, 137.786, -316.433, 306.019, 10.2033, -36.0418, -286.624]
[178.458, 6.63508, 137.786, -309.316, 306.019, 10.2033, -36.0418, -293.741]
[178.458, 6.63508, 137.786, -310.074, 306.019, 10.2033, -35.2846, -293.741]
[175.751, 6.63508, 137.786, -310.074, 308.725, 10.2033, -35.2846, -293.741]
[177.091, 6.63508, 137.786, -310.074, 308.725, 10.2033, -36.6249, -293.741]
[177.091, 6.63508, 137.786, -303.369, 308.725, 10.2033, -36.6249, -300.445]
[177.192, 6.63508, 137.786, -303.47, 308.725, 10.2033, -36.6249, -300.445]
[177.192, 7.16902, 137.786, -304.004, 308.725, 10.2033, -36.6249, -300.445]
[177.192, 7.16902, 137.786, -304.517, 308.725, 10.7167, -36.6249, -300.445]
[179.165, 7.16902, 137.786, -304.517, 308.725, 8.74369, -36.6249, -300.445]
[179.165, 7.16902, 137.786, -305.313, 308.725, 8.74369, -35.8285, -300.445]
[179.165, 7.16902, 137.786, -311.362, 308.725, 8.74369, -35.8285, -294.397]
[179.165, 7.16902, 137.786, -311.362, 309.313, 8.15556, -35.8285, -294.397]
[181.064, 7.16902, 137.786, -311.362, 309.313, 6.25666, -35.8285, -294.397]
[181.064, 4.52648, 140.429, -311.362, 309.313, 6.25666, -35.8285, -294.397]
[181.064, 5.03164, 140.429, -311.867, 309.313, 6.25666, -35.8285, -294.397]
[181.064, 5.03164, 140.429, -317.526, 309.313, 6.25666, -35.8285, -288.737]
[181.064, 5.03164, 140.429, -322.84, 309.313, 6.25666, -35.8285, -283.424]
[181.064, 5.03164, 140.429, -327.833, 309.313, 6.25666, -35.8285, -278.431]
[181.14, 5.03164, 140.429, -327.909, 309.313, 6.25666, -35.8285, -278.431]
[181.14, 5.46034, 140.429, -328.338, 309.313, 6.25666, -35.8285, -278.431]
[181.14, 2.90714, 142.982, -328.338, 309.313, 6.25666, -35.8285, -278.431]
[181.14, 2.90714, 143.092, -328.448, 309.313, 6.25666, -35.8285, -278.431]
[181.215, 2.90714, 143.092, -328.523, 309.313, 6.25666, -35.8285, -278.431]
[181.215, 2.90714, 141.115, -328.523, 311.29, 6.25666, -35.8285, -278.431]
[181.215, 0.419, 143.603, -328.523, 311.29, 6.25666, -35.8285, -278.431]
[181.215, 0.419, 143.603, -328.523, 311.664, 6.25666, -36.2022, -278.431]
[181.215, 0.419, 143.603, -333.202, 311.664, 6.25666, -36.2022, -273.753]
[181.215, 0.419, 143.603, -333.202, 311.7, 6.25666, -36.2022, -273.788]
[181.215, 0.419, 143.603, -333.604, 311.7, 6.65919, -36.2022, -273.788]
[181.215, -1.97165, 145.994, -333.604, 311.7, 6.65919, -36.2022, -273.788]
[181.215, -1.97165, 145.994, -333.604, 312.071, 6.65919, -36.5731, -273.788]
[181.215, -2.48583, 145.994, -333.604, 312.585, 6.65919, -36.5731, -273.788]
[181.287, -2.48583, 145.994, -333.676, 312.585, 6.65919, -36.5731, -273.788]
[181.287, -2.48583, 148.46, -333.676, 312.585, 4.19338, -36.5731, -273.788]
[181.287, -2.48583, 148.46, -333.695, 312.604, 4.19338, -36.5731, -273.788]
[181.287, -2.0499, 148.46, -334.131, 312.604, 4.19338, -36.5731, -273.788]
[181.287, -1.61763, 148.46, -334.563, 312.604, 4.19338, -36.5731, -273.788]
[181.287, -1.61763, 146.448, -334.563, 314.616, 4.19338, -36.5731, -273.788]
[181.287, -1.61763, 148.856, -334.563, 314.616, 1.78474, -36.5731, -273.788]
[183.053, -1.61763, 148.856, -334.563, 314.616, 0.018418, -36.5731, -273.788]
[183.053, -1.61763, 148.856, -334.563, 314.975, 0.018418, -36.9324, -273.788]
[183.053, -1.61763, 148.954, -334.661, 314.975, 0.018418, -36.9324, -273.788]
[183.053, -1.61763, 149.052, -334.759, 314.975, 0.018418, -36.9324, -273.788]
[183.053, -1.61763, 149.052, -339.125, 314.975, 0.018418, -36.9324, -269.422]
[183.053, -2.11939, 149.052, -339.125, 315.477, 0.018418, -36.9324, -269.422]
[183.053, -1.70719, 149.052, -339.537, 315.477, 0.018418, -36.9324, -269.422]
[183.053, -1.70719, 149.145, -339.63, 315.477, 0.018418, -36.9324, -269.422]
[183.053, -1.70719, 149.145, -340.203, 315.477, 0.018418, -36.3593, -269.422]
[183.053, -2.20611, 149.145, -340.203, 315.976, 0.018418, -36.3593, -269.422]
[183.053, -2.20611, 149.145, -340.203, 315.976, 0.018418, -35.2606, -270.521]
[183.053, -4.44311, 151.382, -340.203, 315.976, 0.018418, -35.2606, -270.521]
[183.053, -4.44311, 153.618, -340.203, 315.976, -2.21835, -35.2606, -270.521]
[183.053, -4.44311, 153.618, -340.22, 315.993, -2.21835, -35.2606, -270.521]
[183.053, -4.44311, 153.707, -340.309, 315.993, -2.21835, -35.2606, -270.521]
[184.734, -4.44311, 153.707, -340.309, 315.993, -3.89907, -35.2606, -270.521]
[182.105, -4.44311, 153.707, -340.309, 318.623, -3.89907, -35.2606, -270.521]
[182.105, -4.44311, 155.831, -340.309, 318.623, -6.02367, -35.2606, -270.521]
[182.171, -4.44311, 155.831, -340.375, 318.623, -6.02367, -35.2606, -270.521]
[182.237, -4.44311, 155.831, -340.441, 318.623, -6.02367, -35.2606, -270.521]
[182.237, -4.44311, 155.831, -344.558, 318.623, -6.02367, -35.2606, -266.405]
[182.237, -4.44311, 157.882, -344.558, 318.623, -8.0745, -35.2606, -266.405]
[182.237, -4.44311, 157.882, -336.052, 318.623, -8.0745, -35.2606, -274.91]
[182.237, -4.91461, 157.882, -336.052, 319.094, -8.0745, -35.2606, -274.91]
[182.237, -4.91461, 157.882, -336.052, 319.547, -8.52774, -35.2606, -274.91]
[182.237, -4.91461, 157.882, -336.052, 319.997, -8.97705, -35.2606, -274.91]
[182.237, -4.91461, 157.882, -336.069, 320.014, -8.97705, -35.2606, -274.91]
[179.741, -4.91461, 157.882, -336.069, 322.511, -8.97705, -35.2606, -274.91]
[179.741, -4.47846, 157.882, -336.506, 322.511, -8.97705, -35.2606, -274.91]
[179.811, -4.47846, 157.882, -336.576, 322.511, -8.97705, -35.2606, -274.91]
[179.811, -4.47846, 155.878, -336.576, 324.515, -8.97705, -35.2606, -274.91]
[179.811, -4.47846, 155.878, -337.028, 324.515, -8.52568, -35.2606, -274.91]
[179.811, -4.47846, 157.886, -337.028, 324.515, -10.5333, -35.2606, -274.91]
[179.811, -4.47846, 157.886, -337.484, 324.515, -10.0771, -35.2606, -274.91]
[179.811, -4.47846, 157.886, -338.06, 324.515, -10.0771, -34.6849, -274.91]
[179.811, -4.47846, 157.886, -342.364, 324.515, -10.0771, -34.6849, -270.606]
[179.811, -4.06976, 157.886, -342.773, 324.515, -10.0771, -34.6849, -270.606]
[177.45, -4.06976, 157.886, -342.773, 326.876, -10.0771, -34.6849, -270.606]
[178.777, -4.06976, 157.886, -342.773, 326.876, -10.0771, -36.012, -270.606]
[180.073, -4.06976, 157.886, -342.773, 326.876, -10.0771, -37.3081, -270.606]
[177.751, -4.06976, 157.886, -342.773, 329.198, -10.0771, -37.3081, -270.606]
[177.751, -4.06976, 157.886, -342.773, 317.108, -10.0771, -25.2187, -270.606]
[179.191, -4.06976, 157.886, -342.773, 317.108, -10.0771, -26.6585, -270.606]
[179.258, -4.06976, 157.886, -342.839, 317.108, -10.0771, -26.6585, -270.606]
[179.258, -4.06976, 157.886, -334.494, 317.108, -10.0771, -26.6585, -278.952]
[179.258, -4.06976, 155.79, -334.494, 319.205, -10.0771, -26.6585, -278.952]
[179.33, -4.06976, 155.79, -334.566, 319.205, -10.0771, -26.6585, -278.952]
[179.33, -4.06976, 157.773, -334.566, 319.205, -12.0601, -26.6585, -278.952]
[179.33, -4.06976, 157.773, -334.566, 307.184, -12.0601, -14.6379, -278.952]
[179.33, -4.06976, 157.773, -326.686, 307.184, -12.0601, -14.6379, -286.832]
[179.33, -4.06976, 155.5, -326.686, 309.457, -12.0601, -14.6379, -286.832]
[179.33, -4.06976, 155.5, -331.666, 309.457, -12.0601, -14.6379, -281.852]
[179.33, -4.06976, 157.455, -331.666, 309.457, -14.0152, -14.6379, -281.852]
[179.33, -4.06976, 157.455, -332.163, 309.457, -13.5185, -14.6379, -281.852]
[179.33, -4.06976, 157.455, -324.436, 309.457, -13.5185, -14.6379, -289.579]
[179.33, -4.06976, 157.455, -324.966, 309.457, -12.9887, -14.6379, -289.579]
[179.33, -4.06976, 157.455, -324.966, 309.931, -13.463, -14.6379, -289.579]
[180.905, -4.06976, 157.455, -324.966, 309.931, -15.0374, -14.6379, -289.579]
[180.905, -6.12625, 159.511, -324.966, 309.931, -15.0374, -14.6379, -289.579]
[190.628, -6.12625, 159.511, -324.966, 300.208, -15.0374, -14.6379, -289.579]
[190.628, -6.12625, 159.511, -325.5, 300.208, -14.5026, -14.6379, -289.579]
[190.628, -6.12625, 159.511, -325.5, 300.719, -15.0135, -14.6379, -289.579]
[190.628, -6.12625, 159.511, -326.032, 300.719, -14.4815, -14.6379, -289.579]
[190.628, -6.12625, 159.511, -326.032, 301.228, -14.99, -14.6379, -289.579]
[190.698, -6.12625, 159.511, -326.103, 301.228, -14.99, -14.6379, -289.579]
[190.698, -6.67442, 159.511, -326.103, 301.776, -14.99, -14.6379, -289.579]
[190.698, -6.67442, 159.511, -326.126, 301.799, -14.99, -14.6379, -289.579]
[190.698, -6.67442, 161.355, -326.126, 301.799, -16.8334, -14.6379, -289.579]
[190.698, -6.67442, 161.355, -326.664, 301.799, -16.2953, -14.6379, -289.579]
[190.698, -6.67442, 161.355, -326.664, 302.294, -16.7899, -14.6379, -289.579]
[190.698, -6.67442, 163.142, -326.664, 302.294, -18.5768, -14.6379, -289.579]
[190.698, -6.67442, 163.142, -331.727, 302.294, -18.5768, -14.6379, -284.516]
[190.698, -6.67442, 163.229, -331.814, 302.294, -18.5768, -14.6379, -284.516]
[190.698, -6.67442, 164.961, -331.814, 302.294, -20.3085, -14.6379, -284.516]
[190.698, -6.67442, 165.047, -331.9, 302.294, -20.3085, -14.6379, -284.516]
[190.698, -6.67442, 165.047, -331.922, 302.315, -20.3085, -14.6379, -284.516]
[190.764, -6.67442, 165.047, -331.988, 302.315, -20.3085, -14.6379, -284.516]
[190.764, -7.2141, 165.047, -331.988, 302.855, -20.3085, -14.6379, -284.516]
[190.764, -7.2141, 165.047, -336.743, 302.855, -20.3085, -14.6379, -279.761]
[190.764, -7.2141, 165.047, -337.245, 302.855, -19.806, -14.6379, -279.761]
[190.764, -7.2141, 165.047, -329.312, 302.855, -19.806, -14.6379, -287.695]
[190.764, -7.74822, 165.047, -329.312, 303.389, -19.806, -14.6379, -287.695]
[190.764, -7.74822, 165.047, -329.334, 303.411, -19.806, -14.6379, -287.695]
[190.764, -7.74822, 166.733, -329.334, 303.411, -21.4928, -14.6379, -287.695]
[192.09, -7.74822, 166.733, -329.334, 303.411, -22.8186, -14.6379, -287.695]
[192.09, -7.74822, 166.733, -329.334, 303.869, -23.2759, -14.6379, -287.695]
[192.09, -7.74822, 166.733, -329.356, 303.891, -23.2759, -14.6379, -287.695]
[193.379, -7.74822, 166.733, -329.356, 303.891, -24.5653, -14.6379, -287.695]
[193.379, -7.74822, 166.733, -334.282, 303.891, -24.5653, -14.6379, -282.768]
[193.379, -7.74822, 166.733, -322.419, 303.891, -36.4282, -14.6379, -282.768]
[190.295, -7.74822, 166.733, -322.419, 306.975, -36.4282, -14.6379, -282.768]
[190.295, -7.74822, 166.733, -327.406, 306.975, -36.4282, -14.6379, -277.782]
[190.295, -7.74822, 166.733, -327.406, 307.453, -36.4282, -15.1161, -277.782]
[191.704, -7.74822, 166.733, -327.406, 307.453, -36.4282, -16.5251, -277.782]
[191.704, -2.43175, 166.733, -327.406, 307.453, -41.7447, -16.5251, -277.782]
[191.704, -2.43175, 166.733, -332.098, 307.453, -41.7447, -16.5251, -273.09]
[191.704, -2.43175, 166.733, -332.098, 307.453, -47.1665, -11.1033, -273.09]
[191.704, -2.43175, 166.733, -332.776, 307.453, -46.488, -11.1033, -273.09]
[191.704, -2.43175, 166.733, -332.776, 307.946, -46.488, -11.5956, -273.09]
[191.704, -2.43175, 166.733, -333.446, 307.946, -45.8183, -11.5956, -273.09]
[191.704, 8.03835, 156.263, -333.446, 307.946, -45.8183, -11.5956, -273.09]
[191.768, 8.03835, 156.263, -333.51, 307.946, -45.8183, -11.5956, -273.09]
[191.768, 8.03835, 156.263, -333.51, 296.035, -45.8183, 0.315446, -273.09]
[188.537, 8.03835, 156.263, -333.51, 299.266, -45.8183, 0.315446, -273.09]
[188.537, 8.03835, 156.263, -337.892, 299.266, -45.8183, 0.315446, -268.708]
[188.537, 8.03835, 156.263, -337.892, 299.86, -45.8183, -0.278485, -268.708]
[188.537, 8.03835, 156.263, -337.892, 300.448, -45.8183, -0.865734, -268.708]
[188.537, 8.03835, 156.263, -342.028, 300.448, -45.8183, -0.865734, -264.572]
[188.537, 8.03835, 156.263, -342.028, 300.448, -50.6473, 3.96329, -264.572]
[188.537, 8.40155, 156.263, -342.392, 300.448, -50.6473, 3.96329, -264.572]
[188.537, 8.40155, 156.263, -333.895, 300.448, -50.6473, 3.96329, -273.069]
[188.537, 12.822, 156.263, -333.895, 300.448, -55.0678, 3.96329, -273.069]
[188.537, 13.1972, 156.263, -334.27, 300.448, -55.0678, 3.96329, -273.069]
[188.537, 13.1972, 156.263, -334.27, 300.792, -55.4122, 3.96329, -273.069]
[188.537, 13.5697, 156.263, -334.643, 300.792, -55.4122, 3.96329, -273.069]
[190.228, 13.5697, 156.263, -334.643, 300.792, -55.4122, 2.2724, -273.069]
[190.228, 13.5697, 156.263, -338.991, 300.792, -55.4122, 2.2724, -268.72]
[190.228, 13.5697, 157.596, -338.991, 300.792, -56.7448, 2.2724, -268.72]
[190.228, 13.5697, 157.596, -343.098, 300.792, -56.7448, 2.2724, -264.613]
[190.228, 17.6751, 157.596, -343.098, 300.792, -60.8503, 2.2724, -264.613]
[190.228, 17.6751, 157.596, -343.098, 301.117, -61.1748, 2.2724, -264.613]
[190.228, 17.6751, 157.596, -343.796, 301.117, -60.4769, 2.2724, -264.613]
[190.228, 17.6751, 157.596, -343.796, 301.441, -60.8016, 2.2724, -264.613]
[190.228, 17.6751, 157.596, -343.816, 301.461, -60.8016, 2.2724, -264.613]
[187.16, 17.6751, 157.596, -343.816, 304.529, -60.8016, 2.2724, -264.613]
[187.16, 17.6751, 157.596, -343.834, 304.548, -60.8016, 2.2724, -264.613]
[187.16, 17.6751, 157.596, -344.525, 304.548, -60.1109, 2.2724, -264.613]
[187.16, 17.0091, 157.596, -344.525, 305.214, -60.1109, 2.2724, -264.613]
[188.846, 17.0091, 157.596, -344.525, 305.214, -60.1109, 0.586095, -264.613]
[188.906, 17.0091, 157.596, -344.585, 305.214, -60.1109, 0.586095, -264.613]
[188.906, 17.0091, 158.858, -344.585, 305.214, -61.3734, 0.586095, -264.613]
[188.906, 20.8961, 158.858, -344.585, 305.214, -65.2604, 0.586095, -264.613]
[188.906, 18.403, 161.351, -344.585, 305.214, -65.2604, 0.586095, -264.613]
[188.906, 18.403, 161.351, -336.031, 305.214, -65.2604, 0.586095, -273.167]
[188.906, 18.403, 161.351, -336.031, 305.214, -63.8823, 0.586095, -274.545]
[188.906, 18.403, 161.351, -336.796, 305.214, -63.1171, 0.586095, -274.545]
[188.906, 18.403, 162.539, -336.796, 305.214, -64.305, 0.586095, -274.545]
[188.906, 18.403, 162.623, -336.879, 305.214, -64.305, 0.586095, -274.545]
[188.906, 18.403, 162.623, -341.207, 305.214, -64.305, 0.586095, -270.218]
[188.906, 18.403, 162.703, -341.287, 305.214, -64.305, 0.586095, -270.218]
[188.906, 18.403, 162.703, -332.973, 305.214, -64.305, 0.586095, -278.532]
[188.906, 22.1755, 162.703, -332.973, 305.214, -68.0775, 0.586095, -278.532]
[190.542, 22.1755, 162.703, -332.973, 305.214, -68.0775, -1.05083, -278.532]
[190.542, 22.1755, 160.299, -332.973, 307.617, -68.0775, -1.05083, -278.532]
[190.542, 22.5212, 160.299, -333.318, 307.617, -68.0775, -1.05083, -278.532]
[190.542, 22.5212, 160.299, -333.318, 308.159, -68.0775, -1.59216, -278.532]
[190.542, 22.5212, 160.299, -333.318, 308.159, -72.2888, 2.61911, -278.532]
[190.542, 22.5212, 157.997, -333.318, 310.46, -72.2888, 2.61911, -278.532]
[190.542, 22.5212, 157.997, -333.318, 310.46, -70.8902, 2.61911, -279.931]
[190.542, 22.5212, 157.997, -325.502, 310.46, -70.8902, 2.61911, -287.747]
[192.185, 22.5212, 157.997, -325.502, 310.46, -70.8902, 0.976547, -287.747]
[192.185, 22.5212, 159.139, -325.502, 310.46, -72.0314, 0.976547, -287.747]
[193.009, 22.5212, 159.139, -325.502, 310.46, -72.8556, 0.976547, -287.747]
[193.009, 22.5212, 159.139, -325.959, 310.46, -72.8556, 1.43281, -287.747]
[193.009, 22.5212, 159.139, -330.988, 310.46, -72.8556, 1.43281, -282.717]
[193.009, 22.5212, 156.901, -330.988, 312.698, -72.8556, 1.43281, -282.717]
[193.009, 22.5212, 156.901, -330.988, 313.226, -72.8556, 0.904766, -282.717]
[193.009, 22.8725, 156.901, -331.339, 313.226, -72.8556, 0.904766, -282.717]
[193.009, 22.8725, 156.901, -331.339, 313.482, -73.1113, 0.904766, -282.717]
[193.009, 22.2296, 156.901, -331.339, 314.125, -73.1113, 0.904766, -282.717]
[193.009, 22.2296, 158.031, -331.339, 314.125, -74.241, 0.904766, -282.717]
[193.009, 22.5806, 158.031, -331.69, 314.125, -74.241, 0.904766, -282.717]
[190.164, 22.5806, 158.031, -331.69, 316.97, -74.241, 0.904766, -282.717]
[190.164, 21.9604, 158.031, -331.69, 317.59, -74.241, 0.904766, -282.717]
[190.164, 21.9604, 159.138, -331.69, 317.59, -75.3477, 0.904766, -282.717]
[190.164, 21.9604, 159.138, -336.401, 317.59, -75.3477, 0.904766, -278.006]
[190.164, 22.2955, 159.138, -336.736, 317.59, -75.3477, 0.904766, -278.006]
[187.454, 22.2955, 159.138, -336.736, 320.3, -75.3477, 0.904766, -278.006]
[187.454, 22.2955, 159.138, -336.736, 320.533, -75.5804, 0.904766, -278.006]
[187.454, 21.6975, 159.138, -336.736, 321.131, -75.5804, 0.904766, -278.006]
[187.454, 21.6975, 159.138, -341.166, 321.131, -75.5804, 0.904766, -273.577]
[187.454, 21.6975, 157.089, -341.166, 323.179, -75.5804, 0.904766, -273.577]
[187.454, 19.1528, 159.634, -341.166, 323.179, -75.5804, 0.904766, -273.577]
[187.454, 16.7096, 162.077, -341.166, 323.179, -75.5804, 0.904766, -273.577]
[187.517, 16.7096, 162.077, -341.228, 323.179, -75.5804, 0.904766, -273.577]
[187.517, 16.7096, 162.077, -341.228, 323.405, -75.8061, 0.904766, -273.577]
[187.517, 16.7096, 163.128, -341.228, 323.405, -76.8576, 0.904766, -273.577]
[187.517, 16.7096, 163.128, -345.407, 323.405, -76.8576, 0.904766, -269.398]
[187.517, 16.7096, 163.128, -345.407, 323.879, -76.8576, 0.430688, -269.398]
[187.517, 16.7096, 163.128, -345.407, 324.349, -76.8576, -0.0390865, -269.398]
[187.517, 17.0326, 163.128, -345.73, 324.349, -76.8576, -0.0390865, -269.398]
[187.517, 17.3537, 163.128, -346.051, 324.349, -76.8576, -0.0390865, -269.398]
[185.001, 17.3537, 163.128, -346.051, 326.864, -76.8576, -0.0390865, -269.398]
[182.585, 17.3537, 163.128, -346.051, 329.28, -76.8576, -0.0390865, -269.398]
[182.585, 17.3537, 163.128, -346.838, 329.28, -76.0709, -0.0390865, -269.398]
[183.453, 17.3537, 163.128, -346.838, 329.28, -76.9389, -0.0390865, -269.398]
[183.453, 17.3537, 163.128, -347.213, 329.28, -76.9389, 0.335817, -269.398]
[183.453, 17.3537, 163.128, -347.227, 329.295, -76.9389, 0.335817, -269.398]
[183.453, 17.3537, 163.128, -351.129, 329.295, -76.9389, 0.335817, -265.496]
[183.453, 20.8292, 163.128, -351.129, 329.295, -80.4144, 0.335817, -265.496]
[183.453, 20.8292, 163.128, -351.904, 329.295, -79.6388, 0.335817, -265.496]
[183.453, 21.1205, 163.128, -352.196, 329.295, -79.6388, 0.335817, -265.496]
[183.453, 24.4365, 163.128, -352.196, 329.295, -82.9549, 0.335817, -265.496]
[183.453, 27.594, 163.128, -352.196, 329.295, -86.1124, 0.335817, -265.496]
[183.453, 27.594, 163.128, -355.864, 329.295, -86.1124, 0.335817, -261.828]
[183.453, 27.594, 163.128, -355.864, 329.295, -77.3886, -8.38797, -261.828]
[183.453, 27.594, 163.197, -355.933, 329.295, -77.3886, -8.38797, -261.828]
[183.453, 27.594, 163.197, -355.933, 329.704, -77.3886, -8.79747, -261.828]
[181.121, 27.594, 163.197, -355.933, 332.036, -77.3886, -8.79747, -261.828]
[182.735, 27.594, 163.197, -355.933, 332.036, -77.3886, -10.4118, -261.828]
[183.591, 27.594, 163.197, -355.933, 332.036, -78.2449, -10.4118, -261.828]
[183.591, 27.594, 161.263, -355.933, 333.97, -78.2449, -10.4118, -261.828]
[181.337, 27.594, 161.263, -355.933, 336.225, -78.2449, -10.4118, -261.828]
[181.337, 27.594, 161.263, -359.413, 336.225, -78.2449, -10.4118, -258.347]
[181.337, 27.594, 161.331, -359.481, 336.225, -78.2449, -10.4118, -258.347]
[181.337, 27.594, 148.999, -347.149, 336.225, -78.2449, -10.4118, -258.347]
[181.337, 27.594, 148.999, -350.764, 336.225, -78.2449, -10.4118, -254.733]
[181.337, 27.594, 147.347, -350.764, 337.878, -78.2449, -10.4118, -254.733]
[181.337, 27.594, 147.347, -350.776, 337.89, -78.2449, -10.4118, -254.733]
[181.337, 27.594, 147.347, -350.776, 337.89, -82.4187, -6.23794, -254.733]
[181.337, 15.4708, 147.347, -338.653, 337.89, -82.4187, -6.23794, -254.733]
[181.337, 15.4708, 147.347, -342.394, 337.89, -82.4187, -6.23794, -250.992]
[181.337, 15.4708, 147.347, -342.408, 337.904, -82.4187, -6.23794, -250.992]
[181.337, 15.4708, 147.439, -342.5, 337.904, -82.4187, -6.23794, -250.992]
[181.337, 15.8072, 147.439, -342.836, 337.904, -82.4187, -6.23794, -250.992]
[182.984, 15.8072, 147.439, -342.836, 337.904, -82.4187, -7.88548, -250.992]
[182.984, 15.8072, 147.439, -333.974, 337.904, -82.4187, -7.88548, -259.854]
[183.799, 15.8072, 147.439, -333.974, 337.904, -83.2339, -7.88548, -259.854]
[183.799, 15.8072, 145.832, -333.974, 339.511, -83.2339, -7.88548, -259.854]
[183.799, 15.8072, 145.832, -337.976, 339.511, -83.2339, -7.88548, -255.852]
[183.799, 15.8072, 145.832, -338.876, 339.511, -82.3337, -7.88548, -255.852]
[183.799, 15.8072, 146.981, -338.876, 339.511, -83.4825, -7.88548, -255.852]
[183.799, 15.8072, 145.403, -338.876, 341.089, -83.4825, -7.88548, -255.852]
[183.799, 16.1545, 145.403, -339.223, 341.089, -83.4825, -7.88548, -255.852]
[185.389, 16.1545, 145.403, -339.223, 341.089, -83.4825, -9.47518, -255.852]
[185.389, 16.1545, 146.544, -339.223, 341.089, -84.6238, -9.47518, -255.852]
[183.231, 16.1545, 146.544, -339.223, 343.247, -84.6238, -9.47518, -255.852]
[183.231, 16.1545, 146.544, -340.125, 343.247, -83.7225, -9.47518, -255.852]
[183.231, 13.5072, 149.191, -340.125, 343.247, -83.7225, -9.47518, -255.852]
[183.231, 13.5072, 149.191, -343.856, 343.247, -83.7225, -9.47518, -252.121]
[183.231, 13.065, 149.191, -343.856, 343.689, -83.7225, -9.47518, -252.121]
[183.231, 13.065, 149.191, -347.396, 343.689, -83.7225, -9.47518, -248.581]
[183.231, 13.065, 147.64, -347.396, 345.24, -83.7225, -9.47518, -248.581]
[183.231, 12.6332, 147.64, -347.396, 345.672, -83.7225, -9.47518, -248.581]
[183.231, 12.6332, 147.64, -347.396, 345.672, -87.7206, -5.477, -248.581]
[183.231, 12.6332, 147.64, -348.256, 345.672, -86.8608, -5.477, -248.581]
[184.011, 12.6332, 147.64, -348.256, 345.672, -87.6409, -5.477, -248.581]
[184.011, 12.6332, 147.64, -339.2, 345.672, -87.6409, -5.477, -257.637]
[184.011, 12.6332, 148.717, -339.2, 345.672, -88.7177, -5.477, -257.637]
[181.957, 12.6332, 148.717, -339.2, 347.726, -88.7177, -5.477, -257.637]
[181.957, 12.6332, 148.811, -339.293, 347.726, -88.7177, -5.477, -257.637]
[181.957, 12.6332, 148.811, -339.718, 347.726, -88.7177, -5.05191, -257.637]
[181.957, 12.6332, 148.811, -340.14, 347.726, -88.7177, -4.63029, -257.637]
[181.957, 15.9349, 148.811, -340.14, 347.726, -92.0194, -4.63029, -257.637]
[181.957, 15.9349, 148.811, -340.153, 347.739, -92.0194, -4.63029, -257.637]
[181.957, 16.2775, 148.811, -340.495, 347.739, -92.0194, -4.63029, -257.637]
[183.618, 16.2775, 148.811, -340.495, 347.739, -92.0194, -6.29199, -257.637]
[183.618, 16.2775, 149.834, -340.495, 347.739, -93.0429, -6.29199, -257.637]
[183.618, 13.6955, 152.416, -340.495, 347.739, -93.0429, -6.29199, -257.637]
[183.618, 13.6955, 152.416, -340.495, 347.739, -96.7101, -2.62474, -257.637]
[171.928, 13.6955, 152.416, -340.495, 347.739, -85.0198, -2.62474, -257.637]
[171.928, 13.6955, 152.416, -331.865, 347.739, -85.0198, -2.62474, -266.268]
[171.928, 13.6955, 152.513, -331.962, 347.739, -85.0198, -2.62474, -266.268]
[171.928, 13.6955, 152.513, -331.962, 348.101, -85.0198, -2.9869, -266.268]
[171.928, 13.6955, 152.513, -331.962, 336.062, -85.0198, 9.05233, -266.268]
[171.928, 13.6955, 152.61, -332.059, 336.062, -85.0198, 9.05233, -266.268]
[171.928, 13.6955, 152.61, -336.289, 336.062, -85.0198, 9.05233, -262.037]
[171.928, 13.6955, 152.702, -336.382, 336.062, -85.0198, 9.05233, -262.037]
[171.928, 13.6955, 152.702, -327.979, 336.062, -85.0198, 9.05233, -270.44]
[171.928, 13.6955, 152.702, -328.982, 336.062, -84.0162, 9.05233, -270.44]
[172.818, 13.6955, 152.702, -328.982, 336.062, -84.9064, 9.05233, -270.44]
[172.818, 17.0643, 152.702, -328.982, 336.062, -88.2751, 9.05233, -270.44]
[172.818, 17.0643, 152.802, -329.082, 336.062, -88.2751, 9.05233, -270.44]
[172.818, 17.0643, 152.802, -330.105, 336.062, -87.2515, 9.05233, -270.44]
[172.818, 20.2947, 152.802, -330.105, 336.062, -90.4819, 9.05233, -270.44]
[173.649, 20.2947, 152.802, -330.105, 336.062, -91.3132, 9.05233, -270.44]
[173.649, 20.2947, 152.802, -334.508, 336.062, -91.3132, 9.05233, -266.037]
[173.649, 20.2947, 152.802, -326.266, 336.062, -91.3132, 9.05233, -274.28]
[173.649, 23.354, 152.802, -326.266, 336.062, -94.3724, 9.05233, -274.28]
[174.445, 23.354, 152.802, -326.266, 336.062, -95.1678, 9.05233, -274.28]
[174.445, 23.354, 152.802, -327.384, 336.062, -94.0492, 9.05233, -274.28]
[174.445, 23.354, 152.802, -327.384, 336.062, -92.2939, 9.05233, -276.035]
[174.445, 23.354, 153.786, -327.384, 336.062, -93.278, 9.05233, -276.035]
[174.445, 23.354, 153.786, -332.026, 336.062, -93.278, 9.05233, -271.393]
[174.445, 23.354, 153.786, -332.026, 336.062, -96.5561, 12.3304, -271.393]
[174.445, 23.354, 153.786, -332.026, 336.224, -96.7178, 12.3304, -271.393]
[174.445, 23.354, 153.786, -332.042, 336.239, -96.7178, 12.3304, -271.393]
[174.445, 23.354, 153.786, -324.018, 336.239, -96.7178, 12.3304, -279.417]
[174.445, 23.354, 152.064, -324.018, 337.961, -96.7178, 12.3304, -279.417]
[174.445, 23.354, 152.064, -324.034, 337.978, -96.7178, 12.3304, -279.417]
[174.445, 23.354, 152.064, -328.873, 337.978, -96.7178, 12.3304, -274.578]
[174.445, 26.2224, 152.064, -328.873, 337.978, -99.5863, 12.3304, -274.578]
[174.525, 26.2224, 152.064, -328.954, 337.978, -99.5863, 12.3304, -274.578]
[172.501, 26.2224, 152.064, -328.954, 340.002, -99.5863, 12.3304, -274.578]
[172.501, 26.2224, 150.422, -328.954, 341.644, -99.5863, 12.3304, -274.578]
[173.267, 26.2224, 150.422, -328.954, 341.644, -100.352, 12.3304, -274.578]
