[381.548, 156.272, -46.7246, -221.793, 184.414, -80.2429, -38.3463, -335.046]
[381.548, 156.272, -46.7246, -223.959, 184.414, -80.2429, -36.1805, -335.046]
[383.044, 154.776, -46.7246, -223.959, 184.414, -80.2429, -36.1805, -335.046]
[383.044, 156.145, -46.7246, -223.959, 184.414, -81.612, -36.1805, -335.046]
[383.044, 156.145, -44.4401, -226.243, 184.414, -81.612, -36.1805, -335.046]
[383.044, 156.145, -44.4401, -226.243, 185.974, -81.612, -37.741, -335.046]
[383.044, 156.145, -44.4401, -226.243, 187.492, -81.612, -39.2581, -335.046]
[383.26, 156.145, -44.656, -226.243, 187.492, -81.612, -39.2581, -335.046]
[383.409, 156.145, -44.656, -226.243, 187.492, -81.7612, -39.2581, -335.046]
[383.409, 156.481, -44.656, -226.58, 187.492, -81.7612, -39.2581, -335.046]
[383.409, 156.481, -44.656, -226.826, 187.738, -81.7612, -39.2581, -335.046]
[383.444, 156.481, -44.656, -226.861, 187.738, -81.7612, -39.2581, -335.046]
[383.444, 156.481, -42.4668, -229.05, 187.738, -81.7612, -39.2581, -335.046]
[383.663, 156.481, -42.686, -229.05, 187.738, -81.7612, -39.2581, -335.046]
[383.698, 156.481, -42.686, -229.084, 187.738, -81.7612, -39.2581, -335.046]
[383.698, 158.37, -44.5746, -229.084, 187.738, -81.7612, -39.2581, -335.046]
[383.698, 158.37, -44.5746, -231.134, 187.738, -81.7612, -37.2087, -335.046]
[383.698, 158.684, -44.5746, -231.448, 187.738, -81.7612, -37.2087, -335.046]
[383.912, 158.684, -44.7888, -231.448, 187.738, -81.7612, -37.2087, -335.046]
[383.912, 158.684, -44.7888, -227.328, 187.738, -81.7612, -37.2087, -339.166]
[384.142, 158.684, -44.7888, -227.328, 187.738, -81.7612, -37.4385, -339.166]
[384.176, 158.684, -44.7888, -227.363, 187.738, -81.7612, -37.4385, -339.166]
[384.211, 158.684, -44.7888, -227.397, 187.738, -81.7612, -37.4385, -339.166]
[385.703, 157.191, -44.7888, -227.397, 187.738, -81.7612, -37.4385, -339.166]
[387.612, 157.191, -44.7888, -227.397, 185.829, -81.7612, -37.4385, -339.166]
[387.646, 157.191, -44.7888, -227.431, 185.829, -81.7612, -37.4385, -339.166]
[387.851, 157.191, -44.9944, -227.431, 185.829, -81.7612, -37.4385, -339.166]
[387.851, 159.03, -46.8334, -227.431, 185.829, -81.7612, -37.4385, -339.166]
[387.851, 159.03, -46.8334, -223.554, 185.829, -81.7612, -37.4385, -343.043]
[387.851, 159.03, -46.8334, -226.621, 185.829, -78.6944, -37.4385, -343.043]
[387.851, 159.03, -46.8334, -229.539, 185.829, -75.7763, -37.4385, -343.043]
[389.3, 157.581, -46.8334, -229.539, 185.829, -75.7763, -37.4385, -343.043]
[389.498, 157.581, -47.0316, -229.539, 185.829, -75.7763, -37.4385, -343.043]
[389.498, 157.581, -47.0316, -232.321, 185.829, -72.9943, -37.4385, -343.043]
[389.498, 157.894, -47.0316, -232.633, 185.829, -72.9943, -37.4385, -343.043]
[389.498, 157.894, -47.0316, -234.589, 185.829, -72.9943, -35.4829, -343.043]
[389.498, 157.894, -47.0316, -234.589, 187.38, -72.9943, -37.0333, -343.043]
[390.91, 156.481, -47.0316, -234.589, 187.38, -72.9943, -37.0333, -343.043]
[391.105, 156.481, -47.2262, -234.589, 187.38, -72.9943, -37.0333, -343.043]
[392.919, 156.481, -47.2262, -234.589, 185.565, -72.9943, -37.0333, -343.043]
[392.919, 158.296, -49.0407, -234.589, 185.565, -72.9943, -37.0333, -343.043]
[392.919, 158.296, -46.9138, -236.716, 185.565, -72.9943, -37.0333, -343.043]
[394.676, 158.296, -46.9138, -236.716, 183.809, -72.9943, -37.0333, -343.043]
[378.976, 158.296, -46.9138, -221.016, 183.809, -72.9943, -37.0333, -343.043]
[378.976, 158.296, -46.9138, -223.172, 183.809, -72.9943, -34.8774, -343.043]
[380.536, 156.737, -46.9138, -223.172, 183.809, -72.9943, -34.8774, -343.043]
[366.324, 170.948, -46.9138, -223.172, 183.809, -72.9943, -34.8774, -343.043]
[366.324, 170.948, -46.9138, -223.172, 185.396, -72.9943, -36.465, -343.043]
[366.572, 170.948, -47.1622, -223.172, 185.396, -72.9943, -36.465, -343.043]
[366.572, 170.948, -47.1622, -223.432, 185.656, -72.9943, -36.465, -343.043]
[366.572, 170.948, -47.1622, -223.432, 187.195, -72.9943, -38.0041, -343.043]
[366.764, 170.948, -47.1622, -223.432, 187.195, -73.1859, -38.0041, -343.043]
[366.764, 170.948, -47.1622, -225.561, 187.195, -73.1859, -35.875, -343.043]
[366.806, 170.948, -47.1622, -225.603, 187.195, -73.1859, -35.875, -343.043]
[366.806, 170.948, -47.1622, -225.603, 188.722, -73.1859, -37.4011, -343.043]
[366.806, 170.948, -47.1622, -221.89, 188.722, -73.1859, -37.4011, -346.756]
[366.806, 171.037, -47.1622, -221.89, 188.722, -73.1859, -37.4011, -346.844]
[366.806, 171.037, -47.1622, -224.79, 188.722, -70.2862, -37.4011, -346.844]
[367.002, 171.037, -47.1622, -224.79, 188.722, -70.4825, -37.4011, -346.844]
[369.266, 171.037, -47.1622, -224.79, 186.457, -70.4825, -37.4011, -346.844]
[369.266, 171.037, -44.8853, -227.067, 186.457, -70.4825, -37.4011, -346.844]
[369.266, 172.327, -44.8853, -227.067, 186.457, -71.7725, -37.4011, -346.844]
[369.266, 172.327, -42.6957, -229.256, 186.457, -71.7725, -37.4011, -346.844]
[369.266, 172.605, -42.6957, -229.535, 186.457, -71.7725, -37.4011, -346.844]
[369.518, 172.605, -42.9472, -229.535, 186.457, -71.7725, -37.4011, -346.844]
[371.444, 170.679, -42.9472, -229.535, 186.457, -71.7725, -37.4011, -346.844]
[371.444, 172.34, -44.6085, -229.535, 186.457, -71.7725, -37.4011, -346.844]
[371.686, 172.34, -44.85, -229.535, 186.457, -71.7725, -37.4011, -346.844]
[371.686, 173.949, -46.459, -229.535, 186.457, -71.7725, -37.4011, -346.844]
[371.686, 173.949, -46.459, -225.818, 186.457, -71.7725, -37.4011, -350.56]
[371.922, 173.949, -46.6957, -225.818, 186.457, -71.7725, -37.4011, -350.56]
[371.922, 173.949, -46.6957, -225.818, 187.563, -72.878, -37.4011, -350.56]
[371.922, 173.949, -46.6957, -225.818, 189.063, -72.878, -38.9012, -350.56]
[374.099, 173.949, -46.6957, -225.818, 186.886, -72.878, -38.9012, -350.56]
[374.33, 173.949, -46.9263, -225.818, 186.886, -72.878, -38.9012, -350.56]
[374.33, 173.949, -46.9263, -222.309, 186.886, -72.878, -38.9012, -354.07]
[374.33, 175.178, -46.9263, -222.309, 186.886, -74.1066, -38.9012, -354.07]
[374.33, 175.178, -46.9263, -222.309, 188.375, -74.1066, -40.3902, -354.07]
[376.219, 173.289, -46.9263, -222.309, 188.375, -74.1066, -40.3902, -354.07]
[376.219, 174.855, -48.4921, -222.309, 188.375, -74.1066, -40.3902, -354.07]
[376.219, 174.855, -48.4921, -222.563, 188.63, -74.1066, -40.3902, -354.07]
[376.219, 174.855, -46.1451, -224.91, 188.63, -74.1066, -40.3902, -354.07]
[376.219, 174.855, -46.1451, -224.91, 189.69, -75.1666, -40.3902, -354.07]
[378.071, 173.002, -46.1451, -224.91, 189.69, -75.1666, -40.3902, -354.07]
[378.071, 173.002, -46.1451, -227.056, 189.69, -75.1666, -38.2443, -354.07]
[378.108, 173.002, -46.1451, -227.093, 189.69, -75.1666, -38.2443, -354.07]
[378.349, 173.002, -46.1451, -227.093, 189.69, -75.1666, -38.4852, -354.07]
[378.349, 173.002, -46.1451, -211.605, 174.202, -75.1666, -38.4852, -354.07]
[378.392, 173.002, -46.1451, -211.648, 174.202, -75.1666, -38.4852, -354.07]
[378.392, 173.002, -46.1451, -214.013, 174.202, -75.1666, -36.12, -354.07]
[378.637, 173.002, -46.1451, -214.013, 174.202, -75.1666, -36.3653, -354.07]
[378.637, 174.583, -47.7261, -214.013, 174.202, -75.1666, -36.3653, -354.07]
[378.637, 174.583, -47.7261, -216.29, 174.202, -75.1666, -34.0889, -354.07]
[380.44, 174.583, -47.7261, -216.29, 172.399, -75.1666, -34.0889, -354.07]
[380.654, 174.583, -47.9405, -216.29, 172.399, -75.1666, -34.0889, -354.07]
[380.654, 174.583, -47.9405, -216.29, 173.619, -76.3868, -34.0889, -354.07]
[380.815, 174.583, -47.9405, -216.29, 173.619, -76.548, -34.0889, -354.07]
[380.815, 176.117, -49.4741, -216.29, 173.619, -76.548, -34.0889, -354.07]
[380.855, 176.117, -49.4741, -216.33, 173.619, -76.548, -34.0889, -354.07]
[381.065, 176.117, -49.6839, -216.33, 173.619, -76.548, -34.0889, -354.07]
[381.274, 176.117, -49.8929, -216.33, 173.619, -76.548, -34.0889, -354.07]
[381.274, 176.117, -49.8929, -216.33, 174.81, -77.7392, -34.0889, -354.07]
[381.314, 176.117, -49.8929, -216.37, 174.81, -77.7392, -34.0889, -354.07]
[381.314, 176.117, -49.8929, -216.37, 176.543, -77.7392, -35.8216, -354.07]
[381.314, 176.117, -49.8929, -216.37, 178.223, -77.7392, -37.5017, -354.07]
[381.472, 176.117, -49.8929, -216.37, 178.223, -77.8972, -37.5017, -354.07]
[381.472, 176.117, -49.8929, -213.201, 178.223, -77.8972, -37.5017, -357.239]
[381.472, 176.117, -49.8929, -210.189, 178.223, -77.8972, -37.5017, -360.251]
[381.707, 176.117, -49.8929, -210.189, 178.223, -77.8972, -37.7364, -360.251]
[383.491, 174.332, -49.8929, -210.189, 178.223, -77.8972, -37.7364, -360.251]
[383.491, 174.332, -49.8929, -207.321, 178.223, -77.8972, -37.7364, -363.119]
[385.22, 172.604, -49.8929, -207.321, 178.223, -77.8972, -37.7364, -363.119]
[385.446, 172.604, -49.8929, -207.321, 178.223, -77.8972, -37.9621, -363.119]
[385.446, 172.604, -49.8929, -207.321, 179.847, -77.8972, -39.5857, -363.119]
[385.446, 174.138, -51.4269, -207.321, 179.847, -77.8972, -39.5857, -363.119]
[385.446, 174.138, -51.4269, -210.705, 179.847, -74.5136, -39.5857, -363.119]
[385.446, 174.138, -51.4269, -207.892, 179.847, -74.5136, -39.5857, -365.932]
[385.446, 174.138, -51.4269, -211.172, 179.847, -71.2337, -39.5857, -365.932]
[385.446, 174.138, -51.4269, -214.284, 179.847, -68.1209, -39.5857, -365.932]
[385.446, 174.138, -51.4269, -217.245, 179.847, -65.1607, -39.5857, -365.932]
[385.446, 174.138, -51.4269, -219.521, 179.847, -65.1607, -37.3095, -365.932]
[385.446, 174.439, -51.4269, -219.822, 179.847, -65.1607, -37.3095, -365.932]
[385.446, 174.439, -48.9643, -222.285, 179.847, -65.1607, -37.3095, -365.932]
[385.672, 174.439, -48.9643, -222.285, 179.847, -65.1607, -37.5356, -365.932]
[385.672, 174.439, -48.9643, -222.285, 181.453, -65.1607, -39.1418, -365.932]
[385.672, 174.731, -48.9643, -222.577, 181.453, -65.1607, -39.1418, -365.932]
[387.373, 173.029, -48.9643, -222.577, 181.453, -65.1607, -39.1418, -365.932]
[387.542, 173.029, -48.9643, -222.577, 181.453, -65.3292, -39.1418, -365.932]
[387.542, 173.029, -48.9643, -219.548, 181.453, -65.3292, -39.1418, -368.96]
[387.739, 173.029, -49.1618, -219.548, 181.453, -65.3292, -39.1418, -368.96]
[387.739, 173.333, -49.1618, -219.853, 181.453, -65.3292, -39.1418, -368.96]
[389.513, 173.333, -49.1618, -219.853, 179.68, -65.3292, -39.1418, -368.96]
[389.513, 174.658, -49.1618, -219.853, 179.68, -66.6535, -39.1418, -368.96]
[389.726, 174.658, -49.1618, -219.853, 179.68, -66.6535, -39.3552, -368.96]
[389.726, 174.658, -49.1618, -220.137, 179.964, -66.6535, -39.3552, -368.96]
[389.726, 174.658, -49.1618, -217.24, 179.964, -66.6535, -39.3552, -371.857]
[391.366, 173.018, -49.1618, -217.24, 179.964, -66.6535, -39.3552, -371.857]
[391.366, 173.018, -49.1618, -219.512, 179.964, -66.6535, -37.0834, -371.857]
[391.526, 173.018, -49.1618, -219.512, 179.964, -66.8131, -37.0834, -371.857]
[391.526, 173.018, -49.1618, -219.512, 181.575, -66.8131, -38.6944, -371.857]
[391.561, 173.018, -49.1618, -219.547, 181.575, -66.8131, -38.6944, -371.857]
[393.277, 173.018, -49.1618, -219.547, 179.859, -66.8131, -38.6944, -371.857]
[393.277, 173.322, -49.1618, -219.851, 179.859, -66.8131, -38.6944, -371.857]
[377.735, 173.322, -33.62, -219.851, 179.859, -66.8131, -38.6944, -371.857]
[377.735, 174.629, -33.62, -219.851, 179.859, -68.1196, -38.6944, -371.857]
[377.735, 174.629, -33.62, -219.851, 181.074, -69.3352, -38.6944, -371.857]
[377.735, 174.629, -33.62, -222.06, 181.074, -69.3352, -36.4855, -371.857]
[377.735, 174.629, -33.62, -208.458, 181.074, -69.3352, -50.087, -371.857]
[377.735, 174.629, -33.62, -195.408, 181.074, -69.3352, -63.137, -371.857]
[377.735, 174.629, -33.62, -198.717, 181.074, -69.3352, -59.8283, -371.857]
[377.735, 174.629, -33.62, -199.062, 181.419, -69.3352, -59.8283, -371.857]
[377.735, 174.629, -33.62, -199.062, 182.604, -70.52, -59.8283, -371.857]
[377.735, 174.629, -33.62, -199.062, 183.883, -70.52, -61.1076, -371.857]
[377.735, 174.629, -33.62, -196.689, 183.883, -70.52, -61.1076, -374.229]
[377.735, 174.629, -31.0448, -199.264, 183.883, -70.52, -61.1076, -374.229]
[377.735, 174.629, -31.0448, -196.935, 183.883, -70.52, -61.1076, -376.559]
[377.735, 174.629, -31.0448, -200.152, 183.883, -70.52, -57.8909, -376.559]
[377.735, 174.629, -31.0448, -200.483, 184.214, -70.52, -57.8909, -376.559]
[377.735, 175.876, -31.0448, -200.483, 184.214, -71.7677, -57.8909, -376.559]
[377.735, 175.876, -31.0448, -198.176, 184.214, -71.7677, -57.8909, -378.866]
[377.735, 177.096, -31.0448, -198.176, 184.214, -72.987, -57.8909, -378.866]
[377.735, 177.096, -31.0448, -198.176, 185.497, -72.987, -59.174, -378.866]
[377.735, 178.84, -32.7893, -198.176, 185.497, -72.987, -59.174, -378.866]
[377.735, 178.84, -30.2636, -200.701, 185.497, -72.987, -59.174, -378.866]
[377.907, 178.84, -30.2636, -200.701, 185.497, -73.1586, -59.174, -378.866]
[377.907, 180.57, -31.9932, -200.701, 185.497, -73.1586, -59.174, -378.866]
[377.907, 181.722, -31.9932, -200.701, 185.497, -74.3112, -59.174, -378.866]
[379.845, 179.784, -31.9932, -200.701, 185.497, -74.3112, -59.174, -378.866]
[381.815, 179.784, -31.9932, -200.701, 183.527, -74.3112, -59.174, -378.866]
[381.862, 179.784, -31.9932, -200.748, 183.527, -74.3112, -59.174, -378.866]
[381.862, 179.784, -31.9932, -200.748, 184.803, -74.3112, -60.4501, -378.866]
[381.862, 179.784, -31.9932, -200.748, 186.05, -74.3112, -61.6966, -378.866]
[381.908, 179.784, -31.9932, -200.794, 186.05, -74.3112, -61.6966, -378.866]
[383.748, 177.944, -31.9932, -200.794, 186.05, -74.3112, -61.6966, -378.866]
[385.529, 176.163, -31.9932, -200.794, 186.05, -74.3112, -61.6966, -378.866]
[385.529, 176.163, -31.9932, -204.256, 186.05, -70.8488, -61.6966, -378.866]
[385.767, 176.163, -32.2313, -204.256, 186.05, -70.8488, -61.6966, -378.866]
[386.004, 176.163, -32.4683, -204.256, 186.05, -70.8488, -61.6966, -378.866]
[386.004, 177.899, -34.2052, -204.256, 186.05, -70.8488, -61.6966, -378.866]
[387.749, 176.154, -34.2052, -204.256, 186.05, -70.8488, -61.6966, -378.866]
[387.791, 176.154, -34.2052, -204.298, 186.05, -70.8488, -61.6966, -378.866]
[387.791, 176.154, -31.7777, -206.726, 186.05, -70.8488, -61.6966, -378.866]
[387.791, 176.154, -31.7777, -204.34, 186.05, -70.8488, -61.6966, -381.252]
[387.791, 177.902, -33.5254, -204.34, 186.05, -70.8488, -61.6966, -381.252]
[387.95, 177.902, -33.5254, -204.34, 186.05, -71.0074, -61.6966, -381.252]
[387.95, 177.902, -33.5254, -207.621, 186.05, -67.7264, -61.6966, -381.252]
[387.95, 177.902, -33.5254, -210.735, 186.05, -64.6126, -61.6966, -381.252]
[387.95, 177.902, -33.5254, -224.044, 186.05, -64.6126, -61.6966, -367.942]
[387.95, 177.902, -33.5254, -224.3, 186.306, -64.6126, -61.6966, -367.942]
[389.665, 176.187, -33.5254, -224.3, 186.306, -64.6126, -61.6966, -367.942]
[389.665, 176.187, -33.5254, -226.949, 186.306, -61.9637, -61.6966, -367.942]
[391.485, 176.187, -33.5254, -226.949, 184.486, -61.9637, -61.6966, -367.942]
[391.485, 177.517, -33.5254, -226.949, 184.486, -63.2942, -61.6966, -367.942]
[391.485, 177.517, -31.5393, -228.935, 184.486, -63.2942, -61.6966, -367.942]
[391.485, 177.517, -31.5393, -229.183, 184.734, -63.2942, -61.6966, -367.942]
[391.485, 177.517, -31.5393, -229.43, 184.98, -63.2942, -61.6966, -367.942]
[391.485, 177.517, -31.5393, -229.43, 185.043, -63.2942, -61.6966, -368.005]
[391.493, 177.517, -31.5393, -229.43, 185.043, -63.2942, -61.6966, -368.012]
[391.661, 177.517, -31.5393, -229.43, 185.043, -63.2942, -61.864, -368.012]
[393.314, 175.864, -31.5393, -229.43, 185.043, -63.2942, -61.864, -368.012]
[393.314, 175.864, -31.5393, -242.011, 185.043, -63.2942, -61.864, -355.431]
[393.314, 175.864, -31.5393, -242.011, 186.27, -63.2942, -63.0917, -355.431]
[393.314, 175.864, -31.5393, -244.263, 186.27, -63.2942, -60.8399, -355.431]
[393.314, 175.864, -31.5393, -240.369, 186.27, -63.2942, -60.8399, -359.325]
[393.314, 175.864, -31.5393, -240.369, 186.337, -63.2942, -60.8399, -359.392]
[393.314, 175.864, -31.5393, -242.657, 186.337, -61.0066, -60.8399, -359.392]
[394.919, 174.259, -31.5393, -242.657, 186.337, -61.0066, -60.8399, -359.392]
[394.919, 174.259, -31.5393, -242.657, 187.562, -61.0066, -62.0645, -359.392]
[395.081, 174.259, -31.5393, -242.657, 187.562, -61.0066, -62.2258, -359.392]
[395.081, 174.259, -31.5393, -244.88, 187.562, -61.0066, -60.003, -359.392]
[395.081, 174.259, -31.5393, -247.038, 187.562, -58.8487, -60.003, -359.392]
[395.081, 174.259, -31.5393, -243.179, 187.562, -58.8487, -60.003, -363.251]
[395.081, 174.259, -31.5393, -243.388, 187.771, -58.8487, -60.003, -363.251]
[395.081, 174.496, -31.5393, -243.626, 187.771, -58.8487, -60.003, -363.251]
[395.081, 174.496, -31.5393, -243.833, 187.978, -58.8487, -60.003, -363.251]
[395.081, -9.09774, 152.055, -243.833, 187.978, -58.8487, -60.003, -363.251]
[395.352, -9.36925, 152.055, -243.833, 187.978, -58.8487, -60.003, -363.251]
[395.378, -9.36925, 152.055, -243.86, 187.978, -58.8487, -60.003, -363.251]
[395.378, -9.36925, 152.055, -240.202, 187.978, -58.8487, -60.003, -366.908]
[395.378, -9.36925, 152.055, -242.429, 187.978, -58.8487, -57.7758, -366.908]
[395.378, -9.36925, 152.354, -242.728, 187.978, -58.8487, -57.7758, -366.908]
[395.378, -9.36925, 152.354, -239.203, 187.978, -58.8487, -57.7758, -370.433]
[395.378, -9.36925, 152.354, -239.203, 189.219, -58.8487, -59.0165, -370.433]
[395.378, -9.36925, 152.354, -241.427, 189.219, -56.6244, -59.0165, -370.433]
[395.378, -9.36925, 152.354, -243.568, 189.219, -54.4837, -59.0165, -370.433]
[396.651, -9.36925, 151.081, -243.568, 189.219, -54.4837, -59.0165, -370.433]
[396.651, -9.36925, 152.866, -243.568, 189.219, -56.2686, -59.0165, -370.433]
[398.406, -9.36925, 152.866, -243.568, 187.464, -56.2686, -59.0165, -370.433]
[400.108, -9.36925, 152.866, -243.568, 185.762, -56.2686, -59.0165, -370.433]
[400.108, -7.98983, 152.866, -244.947, 185.762, -56.2686, -59.0165, -370.433]
[400.108, -7.98983, 152.866, -247.017, 185.762, -54.1986, -59.0165, -370.433]
[400.108, -7.98983, 152.866, -259.199, 185.762, -54.1986, -59.0165, -358.251]
[400.266, -7.98983, 152.866, -259.199, 185.762, -54.1986, -59.1744, -358.251]
[400.266, -7.98983, 152.866, -259.199, 187.012, -54.1986, -60.4245, -358.251]
[400.266, -10.6131, 155.489, -259.199, 187.012, -54.1986, -60.4245, -358.251]
[400.266, -10.6131, 155.489, -259.199, 188.234, -54.1986, -61.6462, -358.251]
[400.266, -10.6131, 141.482, -259.199, 188.234, -40.1913, -61.6462, -358.251]
[400.266, -13.4334, 144.302, -259.199, 188.234, -40.1913, -61.6462, -358.251]
[401.395, -13.4334, 143.173, -259.199, 188.234, -40.1913, -61.6462, -358.251]
[403.063, -13.4334, 143.173, -259.199, 186.566, -40.1913, -61.6462, -358.251]
[403.063, -13.4334, 129.613, -259.199, 186.566, -26.6307, -61.6462, -358.251]
[404.682, -13.4334, 129.613, -259.199, 184.947, -26.6307, -61.6462, -358.251]
[404.682, -13.4334, 129.613, -243.654, 169.402, -26.6307, -61.6462, -358.251]
[404.829, -13.4334, 129.613, -243.654, 169.402, -26.6307, -61.7932, -358.251]
[404.829, -13.4334, 129.613, -245.85, 169.402, -26.6307, -59.5976, -358.251]
[404.829, -12.0314, 129.613, -247.252, 169.402, -26.6307, -59.5976, -358.251]
[405.036, -12.0314, 129.613, -247.252, 169.402, -26.8382, -59.5976, -358.251]
[405.036, -12.0314, 129.613, -247.492, 169.642, -26.8382, -59.5976, -358.251]
[405.276, -12.2706, 129.613, -247.492, 169.642, -26.8382, -59.5976, -358.251]
[406.215, -12.2706, 128.674, -247.492, 169.642, -26.8382, -59.5976, -358.251]
[406.419, -12.2706, 128.674, -247.492, 169.642, -27.0425, -59.5976, -358.251]
[406.419, -12.2706, 128.674, -247.731, 169.881, -27.0425, -59.5976, -358.251]
[406.419, 0.369621, 116.033, -247.731, 169.881, -27.0425, -59.5976, -358.251]
[406.419, 0.369621, 116.033, -243.818, 169.881, -27.0425, -59.5976, -362.164]
[406.686, 0.103059, 116.033, -243.818, 169.881, -27.0425, -59.5976, -362.164]
[406.709, 0.103059, 116.033, -243.842, 169.881, -27.0425, -59.5976, -362.164]
[406.709, -3.65268, 119.789, -243.842, 169.881, -27.0425, -59.5976, -362.164]
[406.709, -3.65268, 119.915, -243.842, 169.881, -27.0425, -59.5976, -362.29]
[407.555, -3.65268, 119.07, -243.842, 169.881, -27.0425, -59.5976, -362.29]
[407.555, -3.65268, 119.07, -240.158, 169.881, -27.0425, -59.5976, -365.974]
[407.555, -3.65268, 119.07, -226.099, 169.881, -41.1017, -59.5976, -365.974]
[407.555, -3.65268, 119.07, -228.601, 169.881, -41.1017, -57.0954, -365.974]
[407.73, -3.65268, 119.07, -228.601, 169.881, -41.2768, -57.0954, -365.974]
[407.73, -2.15232, 119.07, -230.101, 169.881, -41.2768, -57.0954, -365.974]
[407.756, -2.15232, 119.07, -230.128, 169.881, -41.2768, -57.0954, -365.974]
[407.756, -2.15232, 103.806, -214.864, 169.881, -41.2768, -57.0954, -365.974]
[407.756, -2.15232, 103.806, -214.864, 169.881, -40.688, -57.0954, -366.563]
[407.906, -2.15232, 103.806, -214.864, 169.881, -40.688, -57.2446, -366.563]
[407.906, -6.20053, 107.854, -214.864, 169.881, -40.688, -57.2446, -366.563]
[407.906, -5.78368, 107.854, -214.864, 169.881, -40.688, -57.2446, -366.98]
[407.906, -5.78368, 107.854, -215.193, 170.209, -40.688, -57.2446, -366.98]
[407.906, -5.78368, 110.758, -215.193, 170.209, -43.5915, -57.2446, -366.98]
[407.906, -4.05876, 110.758, -216.918, 170.209, -43.5915, -57.2446, -366.98]
[407.906, -4.05876, 113.527, -216.918, 170.209, -46.3601, -57.2446, -366.98]
[408.157, -4.31026, 113.527, -216.918, 170.209, -46.3601, -57.2446, -366.98]
[408.187, -4.31026, 113.527, -216.948, 170.209, -46.3601, -57.2446, -366.98]
[408.187, -4.31026, 113.527, -219.366, 170.209, -43.9427, -57.2446, -366.98]
[408.187, -4.31026, 113.527, -232.168, 170.209, -43.9427, -57.2446, -354.177]
[408.213, -4.31026, 113.527, -232.194, 170.209, -43.9427, -57.2446, -354.177]
[408.464, -4.56037, 113.527, -232.194, 170.209, -43.9427, -57.2446, -354.177]
[408.464, -4.56037, 113.527, -234.272, 170.209, -41.8651, -57.2446, -354.177]
[393.518, -4.56037, 128.472, -234.272, 170.209, -41.8651, -57.2446, -354.177]
[393.518, -4.56037, 128.879, -234.679, 170.209, -41.8651, -57.2446, -354.177]
[393.518, -4.56037, 128.879, -234.679, 171.676, -41.8651, -58.7113, -354.177]
[393.518, -4.56037, 128.879, -246.752, 171.676, -41.8651, -58.7113, -342.104]
[393.518, -4.56037, 128.879, -248.548, 171.676, -40.0694, -58.7113, -342.104]
[394.56, -4.56037, 127.838, -248.548, 171.676, -40.0694, -58.7113, -342.104]
[395.581, -4.56037, 126.816, -248.548, 171.676, -40.0694, -58.7113, -342.104]
[395.581, -4.56037, 126.816, -244.116, 171.676, -40.0694, -58.7113, -346.536]
[397.096, -4.56037, 126.816, -244.116, 170.162, -40.0694, -58.7113, -346.536]
[397.096, -4.56037, 126.816, -239.96, 170.162, -40.0694, -58.7113, -350.692]
[397.096, -4.56037, 126.816, -242.167, 170.162, -40.0694, -56.5041, -350.692]
[398.569, -4.56037, 126.816, -242.167, 168.688, -40.0694, -56.5041, -350.692]
[398.569, -4.56037, 126.816, -242.167, 170.423, -41.8044, -56.5041, -350.692]
[398.569, -4.56037, 126.816, -238.196, 170.423, -41.8044, -56.5041, -354.663]
[398.569, -4.56037, 126.816, -238.456, 170.683, -41.8044, -56.5041, -354.663]
[398.569, -4.56037, 127.214, -238.853, 170.683, -41.8044, -56.5041, -354.663]
[398.569, -4.56037, 127.608, -239.247, 170.683, -41.8044, -56.5041, -354.663]
[398.569, -4.56037, 130.05, -239.247, 170.683, -44.2459, -56.5041, -354.663]
[398.569, -7.80834, 133.298, -239.247, 170.683, -44.2459, -56.5041, -354.663]
[398.734, -7.80834, 133.298, -239.247, 170.683, -44.2459, -56.6684, -354.663]
[398.999, -8.07361, 133.298, -239.247, 170.683, -44.2459, -56.6684, -354.663]
[398.999, -8.07361, 133.298, -235.477, 170.683, -44.2459, -56.6684, -358.434]
[398.999, -8.07361, 133.298, -237.502, 170.683, -42.2214, -56.6684, -358.434]
[399.026, -8.07361, 133.298, -237.529, 170.683, -42.2214, -56.6684, -358.434]
[400.057, -8.07361, 132.267, -237.529, 170.683, -42.2214, -56.6684, -358.434]
[400.057, -8.07361, 132.267, -239.743, 170.683, -42.2214, -54.4538, -358.434]
[401.068, -8.07361, 131.256, -239.743, 170.683, -42.2214, -54.4538, -358.434]
[401.252, -8.07361, 131.256, -239.743, 170.683, -42.4061, -54.4538, -358.434]
[401.252, -8.07361, 131.256, -239.743, 172.352, -44.0753, -54.4538, -358.434]
[401.278, -8.07361, 131.256, -239.769, 172.352, -44.0753, -54.4538, -358.434]
[401.278, -8.07361, 131.256, -241.716, 172.352, -42.1282, -54.4538, -358.434]
[401.278, -8.07361, 131.256, -241.716, 173.827, -42.1282, -55.9291, -358.434]
[401.278, -8.07361, 131.256, -241.716, 175.264, -42.1282, -57.3655, -358.434]
[401.278, -8.07361, 131.256, -241.716, 176.663, -42.1282, -58.7648, -358.434]
[401.278, -8.07361, 131.624, -242.085, 176.663, -42.1282, -58.7648, -358.434]
[401.278, -8.07361, 133.978, -242.085, 176.663, -44.4815, -58.7648, -358.434]
[401.278, -8.07361, 136.238, -242.085, 176.663, -46.7422, -58.7648, -358.434]
[401.303, -8.07361, 136.238, -242.11, 176.663, -46.7422, -58.7648, -358.434]
[401.303, -8.07361, 136.588, -242.46, 176.663, -46.7422, -58.7648, -358.434]
[401.561, -8.3316, 136.588, -242.46, 176.663, -46.7422, -58.7648, -358.434]
[401.561, -8.3316, 136.588, -242.46, 178.027, -46.7422, -60.1288, -358.434]
[401.561, -8.3316, 136.588, -242.46, 179.53, -48.245, -60.1288, -358.434]
[401.561, -11.3219, 139.578, -242.46, 179.53, -48.245, -60.1288, -358.434]
[402.629, -11.3219, 138.511, -242.46, 179.53, -48.245, -60.1288, -358.434]
[402.629, -14.195, 141.384, -242.46, 179.53, -48.245, -60.1288, -358.434]
[404.155, -14.195, 141.384, -242.46, 178.004, -48.245, -60.1288, -358.434]
[404.155, -14.195, 141.384, -242.46, 179.335, -48.245, -61.4595, -358.434]
[404.155, -14.195, 141.384, -238.705, 179.335, -48.245, -61.4595, -362.188]
[404.18, -14.195, 141.384, -238.731, 179.335, -48.245, -61.4595, -362.188]
[404.18, -14.195, 141.485, -238.731, 179.335, -48.245, -61.4595, -362.29]
[404.18, -14.195, 141.485, -238.967, 179.572, -48.245, -61.4595, -362.29]
[404.18, -14.195, 141.485, -238.967, 181.034, -49.7069, -61.4595, -362.29]
[404.18, -14.195, 141.485, -241.247, 181.034, -49.7069, -59.1803, -362.29]
[405.24, -14.195, 140.425, -241.247, 181.034, -49.7069, -59.1803, -362.29]
[405.24, -14.195, 140.764, -241.585, 181.034, -49.7069, -59.1803, -362.29]
[405.24, -14.195, 140.764, -243.598, 181.034, -47.6937, -59.1803, -362.29]
[405.408, -14.195, 140.764, -243.598, 181.034, -47.8616, -59.1803, -362.29]
[405.408, -14.195, 142.835, -243.598, 181.034, -49.9325, -59.1803, -362.29]
[405.408, -14.195, 142.835, -245.58, 181.034, -47.9506, -59.1803, -362.29]
[405.408, -14.195, 142.835, -257.575, 181.034, -47.9506, -59.1803, -350.295]
[405.408, -12.9268, 142.835, -258.843, 181.034, -47.9506, -59.1803, -350.295]
[405.408, -12.9268, 142.835, -270.071, 181.034, -47.9506, -59.1803, -339.067]
[406.47, -12.9268, 141.773, -270.071, 181.034, -47.9506, -59.1803, -339.067]
[406.47, -12.9268, 141.773, -270.242, 181.205, -47.9506, -59.1803, -339.067]
[406.47, -12.9268, 141.773, -270.413, 181.375, -47.9506, -59.1803, -339.067]
[406.618, -12.9268, 141.773, -270.413, 181.375, -47.9506, -59.3283, -339.067]
[406.851, -13.1602, 141.773, -270.413, 181.375, -47.9506, -59.3283, -339.067]
[406.851, -13.1602, 141.773, -280.875, 181.375, -47.9506, -59.3283, -328.604]
[406.851, -13.1602, 143.824, -280.875, 181.375, -50.0018, -59.3283, -328.604]
[406.999, -13.1602, 143.824, -280.875, 181.375, -50.0018, -59.4756, -328.604]
[406.999, -13.1602, 143.824, -280.875, 182.79, -51.4172, -59.4756, -328.604]
[408.509, -13.1602, 143.824, -280.875, 181.28, -51.4172, -59.4756, -328.604]
[409.55, -13.1602, 142.783, -280.875, 181.28, -51.4172, -59.4756, -328.604]
[409.55, -13.1602, 142.783, -281.028, 181.433, -51.4172, -59.4756, -328.604]
[409.55, -13.1602, 127.279, -265.524, 181.433, -51.4172, -59.4756, -328.604]
[409.55, -13.1602, 127.279, -267.178, 181.433, -49.7631, -59.4756, -328.604]
[409.55, -13.1602, 127.279, -261.656, 181.433, -49.7631, -59.4756, -334.126]
[409.55, -16.2605, 130.379, -261.656, 181.433, -49.7631, -59.4756, -334.126]
[409.693, -16.2605, 130.379, -261.656, 181.433, -49.7631, -59.6187, -334.126]
[409.693, -16.2605, 130.685, -261.962, 181.433, -49.7631, -59.6187, -334.126]
[409.85, -16.2605, 130.685, -261.962, 181.433, -49.9204, -59.6187, -334.126]
[410.007, -16.2605, 130.685, -261.962, 181.433, -50.0773, -59.6187, -334.126]
[410.007, -16.2605, 132.902, -261.962, 181.433, -52.2938, -59.6187, -334.126]
[410.007, -19.1494, 135.791, -261.962, 181.433, -52.2938, -59.6187, -334.126]
[410.007, -21.9045, 138.546, -261.962, 181.433, -52.2938, -59.6187, -334.126]
[410.007, -21.9045, 138.546, -263.799, 181.433, -52.2938, -57.7822, -334.126]
[410.007, -21.9045, 140.577, -263.799, 181.433, -54.3252, -57.7822, -334.126]
[410.007, -20.6189, 140.577, -265.084, 181.433, -54.3252, -57.7822, -334.126]
[411.459, -20.6189, 140.577, -265.084, 179.981, -54.3252, -57.7822, -334.126]
[411.602, -20.6189, 140.577, -265.084, 179.981, -54.3252, -57.9251, -334.126]
[413.014, -20.6189, 140.577, -265.084, 178.569, -54.3252, -57.9251, -334.126]
[413.014, -20.6189, 140.577, -266.788, 178.569, -52.6209, -57.9251, -334.126]
[413.014, -23.2348, 143.193, -266.788, 178.569, -52.6209, -57.9251, -334.126]
[413.014, -23.2348, 143.193, -266.788, 178.569, -52.6209, -56.9906, -335.061]
[413.014, -23.2348, 143.193, -261.509, 178.569, -52.6209, -56.9906, -340.34]
[413.014, -23.2348, 143.463, -261.779, 178.569, -52.6209, -56.9906, -340.34]
[413.014, -23.2348, 143.463, -256.855, 178.569, -52.6209, -56.9906, -345.265]
[414.009, -23.2348, 142.468, -256.855, 178.569, -52.6209, -56.9906, -345.265]
[414.009, -21.848, 142.468, -258.241, 178.569, -52.6209, -56.9906, -345.265]
[414.009, -24.3965, 145.017, -258.241, 178.569, -52.6209, -56.9906, -345.265]
[414.009, -24.3965, 146.931, -258.241, 178.569, -54.5351, -56.9906, -345.265]
[414.009, -23.0126, 146.931, -259.625, 178.569, -54.5351, -56.9906, -345.265]
[414.009, -23.0126, 146.931, -270.665, 178.569, -54.5351, -56.9906, -334.225]
[414.009, -23.0126, 146.931, -270.665, 179.931, -54.5351, -58.353, -334.225]
[414.009, -23.0126, 147.169, -270.903, 179.931, -54.5351, -58.353, -334.225]
[414.009, -9.71036, 133.867, -270.903, 179.931, -54.5351, -58.353, -334.225]
[414.233, -9.93437, 133.867, -270.903, 179.931, -54.5351, -58.353, -334.225]
[414.233, -9.93437, 133.867, -281.177, 179.931, -54.5351, -58.353, -323.951]
[415.131, -9.93437, 132.968, -281.177, 179.931, -54.5351, -58.353, -323.951]
[416.015, -9.93437, 132.085, -281.177, 179.931, -54.5351, -58.353, -323.951]
[416.029, -9.93437, 132.085, -281.191, 179.931, -54.5351, -58.353, -323.951]
[416.898, -9.93437, 131.216, -281.191, 179.931, -54.5351, -58.353, -323.951]
[416.898, -9.93437, 131.216, -281.346, 180.086, -54.5351, -58.353, -323.951]
[416.898, -9.93437, 131.216, -282.821, 180.086, -53.0599, -58.353, -323.951]
[416.898, -9.93437, 131.216, -284.328, 180.086, -53.0599, -56.8461, -323.951]
[417.753, -9.93437, 130.362, -284.328, 180.086, -53.0599, -56.8461, -323.951]
[417.753, -9.93437, 130.362, -293.73, 180.086, -53.0599, -56.8461, -314.549]
[417.765, -9.93437, 130.362, -293.743, 180.086, -53.0599, -56.8461, -314.549]
[417.765, -9.93437, 130.362, -293.743, 181.479, -54.4526, -56.8461, -314.549]
[417.765, -9.93437, 130.362, -302.422, 181.479, -54.4526, -56.8461, -305.87]
[417.765, -9.93437, 130.362, -303.665, 181.479, -54.4526, -55.6033, -305.87]
[417.777, -9.93437, 130.362, -303.677, 181.479, -54.4526, -55.6033, -305.87]
[417.777, -9.93437, 132.502, -303.677, 181.479, -56.593, -55.6033, -305.87]
[417.777, -9.93437, 126.526, -303.677, 187.455, -56.593, -55.6033, -305.87]
[417.777, -13.1349, 129.727, -303.677, 187.455, -56.593, -55.6033, -305.87]
[417.777, -13.1349, 129.727, -311.627, 187.455, -56.593, -55.6033, -297.92]
[417.914, -13.1349, 129.727, -311.627, 187.455, -56.593, -55.7404, -297.92]
[417.914, -13.1349, 129.727, -311.733, 187.561, -56.593, -55.7404, -297.92]
[417.914, -13.1349, 129.727, -319.055, 187.561, -56.593, -55.7404, -290.598]
[418.051, -13.1349, 129.727, -319.055, 187.561, -56.593, -55.8772, -290.598]
[418.051, -13.1349, 129.727, -310.079, 187.561, -56.593, -55.8772, -299.574]
[229.842, -13.1349, 129.727, -310.079, 375.769, -56.593, -55.8772, -299.574]
[229.842, -13.1349, 129.727, -310.079, 375.769, -56.593, -54.6127, -300.838]
[229.842, -13.1349, 129.727, -310.079, 375.975, -56.7987, -54.6127, -300.838]
[229.842, -13.4497, 129.727, -310.079, 376.29, -56.7987, -54.6127, -300.838]
[230.707, -13.4497, 129.727, -310.079, 376.29, -56.7987, -55.4771, -300.838]
[230.707, -16.4824, 132.76, -310.079, 376.29, -56.7987, -55.4771, -300.838]
[231.557, -16.4824, 132.76, -310.079, 376.29, -56.7987, -56.3276, -300.838]
[231.557, -16.4824, 132.945, -310.265, 376.29, -56.7987, -56.3276, -300.838]
[231.557, -15.691, 132.945, -311.056, 376.29, -56.7987, -56.3276, -300.838]
[231.557, -15.691, 132.945, -312.203, 376.29, -55.6517, -56.3276, -300.838]
[232.394, -15.691, 132.945, -312.203, 376.29, -55.6517, -57.1645, -300.838]
[232.394, -15.691, 135.017, -312.203, 376.29, -57.7232, -57.1645, -300.838]
[232.394, -15.691, 135.017, -303.893, 376.29, -57.7232, -57.1645, -309.148]
[232.394, -15.691, 135.017, -311.963, 376.29, -57.7232, -57.1645, -301.078]
[232.394, -15.691, 135.017, -313.105, 376.29, -57.7232, -56.0232, -301.078]
[232.394, -15.691, 137.015, -313.105, 376.29, -59.7212, -56.0232, -301.078]
[232.394, -18.4973, 139.821, -313.105, 376.29, -59.7212, -56.0232, -301.078]
[232.394, -18.4973, 139.989, -313.272, 376.29, -59.7212, -56.0232, -301.078]
[232.394, -18.795, 139.989, -313.272, 376.587, -59.7212, -56.0232, -301.078]
[233.198, -18.795, 139.989, -313.272, 376.587, -60.5252, -56.0232, -301.078]
[233.198, -18.795, 124.428, -297.712, 376.587, -60.5252, -56.0232, -301.078]
[233.198, -17.8842, 124.428, -298.623, 376.587, -60.5252, -56.0232, -301.078]
[233.99, -17.8842, 124.428, -298.623, 376.587, -61.317, -56.0232, -301.078]
[233.99, -17.8842, 124.428, -298.623, 376.782, -61.5118, -56.0232, -301.078]
[230.948, -17.8842, 124.428, -298.623, 379.824, -61.5118, -56.0232, -301.078]
[230.948, -17.8842, 124.428, -299.9, 379.824, -61.5118, -54.7459, -301.078]
[230.948, -17.8842, 124.428, -292.082, 379.824, -61.5118, -54.7459, -308.896]
[231.802, -17.8842, 124.428, -292.082, 379.824, -61.5118, -55.6003, -308.896]
[231.885, -17.8842, 124.428, -292.165, 379.824, -61.5118, -55.6003, -308.896]
[231.885, -17.8842, 124.428, -300.686, 379.824, -61.5118, -55.6003, -300.375]
[231.885, -17.8842, 124.428, -301.934, 379.824, -61.5118, -54.3519, -300.375]
[231.885, -18.1735, 124.428, -301.934, 380.114, -61.5118, -54.3519, -300.375]
[231.885, -18.1735, 124.428, -301.934, 380.315, -61.5118, -54.5534, -300.375]
[231.885, -18.1735, 123.298, -301.934, 381.445, -61.5118, -54.5534, -300.375]
[229.006, -18.1735, 123.298, -301.934, 384.324, -61.5118, -54.5534, -300.375]
[229.006, -18.1735, 122.221, -301.934, 385.402, -61.5118, -54.5534, -300.375]
[229.006, -18.1735, 136.894, -301.934, 370.729, -61.5118, -54.5534, -300.375]
[229.878, -18.1735, 136.894, -301.934, 370.729, -61.5118, -55.4252, -300.375]
[226.787, -18.1735, 136.894, -301.934, 373.819, -61.5118, -55.4252, -300.375]
[226.787, -18.1735, 136.894, -303.166, 373.819, -61.5118, -54.193, -300.375]
[226.787, -18.1735, 136.894, -304.371, 373.819, -61.5118, -52.9885, -300.375]
[226.787, -18.1735, 136.894, -305.549, 373.819, -61.5118, -51.8106, -300.375]
[226.787, -18.1735, 136.894, -306.701, 373.819, -61.5118, -50.6581, -300.375]
[226.787, -18.1735, 136.894, -307.948, 373.819, -60.2645, -50.6581, -300.375]
[226.787, -17.3515, 136.894, -308.77, 373.819, -60.2645, -50.6581, -300.375]
[226.787, -17.66, 136.894, -308.77, 374.128, -60.2645, -50.6581, -300.375]
[227.711, -17.66, 136.894, -308.77, 374.128, -60.2645, -51.5816, -300.375]
[227.711, -17.66, 137.074, -308.951, 374.128, -60.2645, -51.5816, -300.375]
[227.711, -17.66, 138.993, -308.951, 374.128, -62.1837, -51.5816, -300.375]
[227.711, -16.8497, 138.993, -309.761, 374.128, -62.1837, -51.5816, -300.375]
[227.711, -16.0518, 138.993, -310.559, 374.128, -62.1837, -51.5816, -300.375]
[227.711, -16.0518, 138.993, -318.023, 374.128, -62.1837, -51.5816, -292.911]
[227.711, -16.0518, 138.993, -319.153, 374.128, -61.0535, -51.5816, -292.911]
[227.711, -16.0518, 138.993, -310.263, 374.128, -61.0535, -51.5816, -301.801]
[228.541, -16.0518, 138.993, -310.263, 374.128, -61.8834, -51.5816, -301.801]
[228.541, -16.0518, 139.167, -310.437, 374.128, -61.8834, -51.5816, -301.801]
[228.541, -16.0518, 139.167, -317.962, 374.128, -61.8834, -51.5816, -294.277]
[229.442, -16.0518, 139.167, -317.962, 374.128, -61.8834, -52.4822, -294.277]
[229.507, -16.0518, 139.167, -318.028, 374.128, -61.8834, -52.4822, -294.277]
[229.507, -18.8005, 141.916, -318.028, 374.128, -61.8834, -52.4822, -294.277]
[229.573, -18.8005, 141.916, -318.093, 374.128, -61.8834, -52.4822, -294.277]
[229.573, -18.8005, 141.916, -325.025, 374.128, -61.8834, -52.4822, -287.345]
[226.574, -18.8005, 141.916, -325.025, 377.127, -61.8834, -52.4822, -287.345]
[226.574, -18.8005, 142.062, -325.171, 377.127, -61.8834, -52.4822, -287.345]
[226.574, -18.8005, 142.062, -325.171, 361.61, -61.8834, -36.9656, -287.345]
[226.574, -18.0986, 142.062, -325.873, 361.61, -61.8834, -36.9656, -287.345]
[226.574, -20.7371, 144.701, -325.873, 361.61, -61.8834, -36.9656, -287.345]
[227.406, -20.7371, 144.701, -325.873, 361.61, -62.7157, -36.9656, -287.345]
[227.406, -20.0268, 144.701, -326.583, 361.61, -62.7157, -36.9656, -287.345]
[224.148, -20.0268, 144.701, -326.583, 364.869, -62.7157, -36.9656, -287.345]
[224.148, -20.0268, 144.701, -332.924, 364.869, -62.7157, -36.9656, -281.004]
[224.993, -20.0268, 144.701, -332.924, 364.869, -63.5607, -36.9656, -281.004]
[224.993, -20.0268, 144.701, -332.924, 365.083, -63.7746, -36.9656, -281.004]
[224.993, -20.3542, 144.701, -332.924, 365.41, -63.7746, -36.9656, -281.004]
[224.993, -20.3542, 144.701, -332.924, 365.622, -63.9868, -36.9656, -281.004]
[224.993, -20.3542, 144.701, -333.699, 365.622, -63.9868, -36.1904, -281.004]
[224.993, -22.887, 147.233, -333.699, 365.622, -63.9868, -36.1904, -281.004]
[224.993, -22.2142, 147.233, -334.372, 365.622, -63.9868, -36.1904, -281.004]
[224.993, -22.2142, 145.642, -334.372, 367.214, -63.9868, -36.1904, -281.004]
[224.993, -22.2142, 145.642, -335.359, 367.214, -62.9999, -36.1904, -281.004]
[224.993, -22.2142, 145.642, -336.328, 367.214, -62.0312, -36.1904, -281.004]
[225.05, -22.2142, 145.642, -336.385, 367.214, -62.0312, -36.1904, -281.004]
[225.05, -22.2142, 144.095, -336.385, 368.761, -62.0312, -36.1904, -281.004]
[226.125, -22.2142, 144.095, -336.385, 368.761, -62.0312, -37.2653, -281.004]
[226.125, -22.2142, 144.095, -336.385, 369.027, -62.0312, -37.532, -281.004]
[226.125, -22.2142, 144.095, -337.336, 369.027, -61.0804, -37.532, -281.004]
[226.125, -22.2142, 144.095, -337.336, 369.293, -61.0804, -37.7972, -281.004]
[226.125, -24.7204, 146.601, -337.336, 369.293, -61.0804, -37.7972, -281.004]
[223.092, -24.7204, 146.601, -337.336, 372.326, -61.0804, -37.7972, -281.004]
[224.17, -24.7204, 146.601, -337.336, 372.326, -61.0804, -38.8756, -281.004]
[225.227, -24.7204, 146.601, -337.336, 372.326, -61.0804, -39.9326, -281.004]
[225.227, -24.7204, 146.601, -343.041, 372.326, -61.0804, -39.9326, -275.298]
[225.227, -24.7204, 146.601, -348.339, 372.326, -61.0804, -39.9326, -270.001]
[225.227, -24.7204, 146.601, -353.271, 372.326, -61.0804, -39.9326, -265.068]
[225.227, -24.7204, 146.601, -353.928, 372.326, -61.0804, -39.2759, -265.068]
[225.227, -24.1567, 146.601, -354.492, 372.326, -61.0804, -39.2759, -265.068]
[225.227, -24.1567, 146.601, -354.492, 372.578, -61.0804, -39.5283, -265.068]
[225.227, -24.1567, 146.705, -354.596, 372.578, -61.0804, -39.5283, -265.068]
[225.227, -23.5996, 146.705, -355.153, 372.578, -61.0804, -39.5283, -265.068]
[225.227, -23.5996, 148.455, -355.153, 372.578, -62.8304, -39.5283, -265.068]
[225.227, -23.5996, 150.151, -355.153, 372.578, -64.5267, -39.5283, -265.068]
[225.274, -23.5996, 150.151, -355.2, 372.578, -64.5267, -39.5283, -265.068]
[225.274, -23.5996, 150.151, -355.842, 372.578, -64.5267, -38.8862, -265.068]
[225.274, -23.5996, 150.151, -360.364, 372.578, -64.5267, -38.8862, -260.547]
[225.319, -23.5996, 150.151, -360.408, 372.578, -64.5267, -38.8862, -260.547]
[225.319, -23.5996, 150.406, -360.408, 372.578, -64.5267, -38.8862, -260.802]
[225.319, -23.5996, 164.596, -360.408, 358.388, -64.5267, -38.8862, -260.802]
[225.319, -23.5996, 162.616, -360.408, 360.368, -64.5267, -38.8862, -260.802]
[225.364, -23.5996, 162.616, -360.453, 360.368, -64.5267, -38.8862, -260.802]
[225.364, -23.5996, 162.616, -364.694, 360.368, -64.5267, -38.8862, -256.561]
[225.364, -23.5996, 164.087, -364.694, 360.368, -65.9975, -38.8862, -256.561]
[225.364, -23.5996, 164.087, -352.949, 360.368, -65.9975, -38.8862, -268.306]
[225.364, -23.5996, 164.087, -352.962, 360.381, -65.9975, -38.8862, -268.306]
[225.412, -23.5996, 164.087, -353.01, 360.381, -65.9975, -38.8862, -268.306]
[225.412, -23.5996, 164.176, -353.099, 360.381, -65.9975, -38.8862, -268.306]
[225.412, -23.5996, 164.176, -353.942, 360.381, -65.1544, -38.8862, -268.306]
[225.412, -25.6859, 166.262, -353.942, 360.381, -65.1544, -38.8862, -268.306]
[225.412, -25.6859, 166.262, -353.954, 360.393, -65.1544, -38.8862, -268.306]
[226.228, -25.6859, 166.262, -353.954, 360.393, -65.9703, -38.8862, -268.306]
[226.228, -25.6859, 167.666, -353.954, 360.393, -67.3747, -38.8862, -268.306]
[226.228, -25.6859, 167.666, -354.6, 360.393, -67.3747, -38.2404, -268.306]
[226.228, -25.6859, 169.035, -354.6, 360.393, -68.7435, -38.2404, -268.306]
[226.339, -25.6859, 169.035, -354.6, 360.393, -68.7435, -38.2404, -268.417]
[226.339, -25.6859, 169.035, -354.6, 360.68, -68.7435, -38.5271, -268.417]
[226.339, -27.6496, 170.999, -354.6, 360.68, -68.7435, -38.5271, -268.417]
[226.339, -27.6496, 170.999, -354.6, 360.709, -68.7435, -38.5271, -268.446]
[226.387, -27.6496, 170.999, -354.647, 360.709, -68.7435, -38.5271, -268.446]
[226.387, -27.6496, 168.947, -354.647, 362.76, -68.7435, -38.5271, -268.446]
[226.387, -27.6496, 168.947, -338.931, 347.045, -68.7435, -38.5271, -268.446]
[227.425, -27.6496, 168.947, -338.931, 347.045, -68.7435, -39.5658, -268.446]
[227.48, -27.6496, 168.947, -338.986, 347.045, -68.7435, -39.5658, -268.446]
[228.253, -27.6496, 168.947, -338.986, 347.045, -69.5168, -39.5658, -268.446]
[228.253, -26.9802, 168.947, -339.655, 347.045, -69.5168, -39.5658, -268.446]
[228.253, -26.9802, 168.947, -329.104, 347.045, -69.5168, -39.5658, -278.998]
[228.253, -26.2493, 168.947, -329.835, 347.045, -69.5168, -39.5658, -278.998]
[228.312, -26.2493, 168.947, -329.894, 347.045, -69.5168, -39.5658, -278.998]
[228.312, -26.2493, 168.947, -330.977, 347.045, -68.4332, -39.5658, -278.998]
[228.312, -26.2493, 168.947, -332.039, 347.045, -67.3712, -39.5658, -278.998]
[228.312, -26.2493, 168.947, -337.865, 347.045, -67.3712, -39.5658, -273.172]
[228.312, -26.2493, 168.947, -337.882, 347.061, -67.3712, -39.5658, -273.172]
[229.322, -26.2493, 168.947, -337.882, 347.061, -67.3712, -40.5761, -273.172]
[225.618, -26.2493, 168.947, -337.882, 350.765, -67.3712, -40.5761, -273.172]
[210.687, -26.2493, 168.947, -337.882, 350.765, -52.4406, -40.5761, -273.172]
[210.687, -26.2493, 168.947, -338.738, 350.765, -51.5841, -40.5761, -273.172]
[210.752, -26.2493, 168.947, -338.803, 350.765, -51.5841, -40.5761, -273.172]
[210.752, -28.2049, 170.903, -338.803, 350.765, -51.5841, -40.5761, -273.172]
[210.752, -28.2049, 170.903, -338.803, 351.073, -51.5841, -40.8841, -273.172]
[210.752, -28.2049, 170.998, -338.898, 351.073, -51.5841, -40.8841, -273.172]
[210.752, -27.5314, 170.998, -339.572, 351.073, -51.5841, -40.8841, -273.172]
[210.752, -27.5314, 170.998, -344.917, 351.073, -51.5841, -40.8841, -267.827]
[207.648, -27.5314, 170.998, -344.917, 354.177, -51.5841, -40.8841, -267.827]
[207.648, -27.5314, 170.998, -349.891, 354.177, -51.5841, -40.8841, -262.852]
[207.648, -27.5314, 170.998, -354.534, 354.177, -51.5841, -40.8841, -258.21]
[207.648, -27.5314, 170.998, -358.878, 354.177, -51.5841, -40.8841, -253.865]
[207.703, -27.5314, 170.998, -358.933, 354.177, -51.5841, -40.8841, -253.865]
[207.703, -27.5314, 172.531, -358.933, 354.177, -53.1169, -40.8841, -253.865]
[207.703, -27.5314, 172.531, -358.933, 354.44, -53.3802, -40.8841, -253.865]
[207.703, -26.9794, 172.531, -359.485, 354.44, -53.3802, -40.8841, -253.865]
[207.703, -26.9794, 172.531, -347.815, 354.44, -53.3802, -40.8841, -265.535]
[207.703, -26.9794, 172.531, -352.615, 354.44, -53.3802, -40.8841, -260.735]
[204.756, -26.9794, 172.531, -352.615, 357.387, -53.3802, -40.8841, -260.735]
[204.756, -26.9794, 172.531, -353.282, 357.387, -53.3802, -40.2172, -260.735]
[204.756, -27.3092, 172.531, -353.282, 357.716, -53.3802, -40.2172, -260.735]
[204.756, -27.3092, 172.531, -353.282, 357.97, -53.6339, -40.2172, -260.735]
[204.756, -27.3092, 172.613, -353.363, 357.97, -53.6339, -40.2172, -260.735]
[204.756, -27.3092, 172.613, -353.363, 358.258, -53.6339, -40.5052, -260.735]
[204.756, -27.3092, 170.488, -353.363, 360.383, -53.6339, -40.5052, -260.735]
[202.017, -27.3092, 170.488, -353.363, 363.123, -53.6339, -40.5052, -260.735]
[202.017, -27.3092, 170.571, -353.446, 363.123, -53.6339, -40.5052, -260.735]
[202.077, -27.3092, 170.571, -353.507, 363.123, -53.6339, -40.5052, -260.735]
[202.077, -27.3092, 170.571, -353.507, 363.362, -53.8738, -40.5052, -260.735]
[202.077, -27.3092, 170.571, -353.507, 363.635, -53.8738, -40.7775, -260.735]
[202.077, -27.3092, 168.578, -353.507, 365.627, -53.8738, -40.7775, -260.735]
[202.077, -27.3092, 168.578, -353.507, 365.893, -53.8738, -41.0432, -260.735]
[202.23, -27.3092, 168.578, -353.507, 365.893, -53.8738, -41.0432, -260.887]
[202.23, -27.3092, 168.578, -353.507, 366.126, -54.1067, -41.0432, -260.887]
[202.23, -27.3092, 168.578, -342.241, 366.126, -54.1067, -41.0432, -272.153]
[202.23, -27.3092, 168.578, -347.456, 366.126, -54.1067, -41.0432, -266.937]
[202.294, -27.3092, 168.578, -347.521, 366.126, -54.1067, -41.0432, -266.937]
[199.735, -27.3092, 168.578, -347.521, 368.685, -54.1067, -41.0432, -266.937]
[199.735, -27.3092, 168.578, -352.377, 368.685, -54.1067, -41.0432, -262.081]
[200.886, -27.3092, 168.578, -352.377, 368.685, -55.2581, -41.0432, -262.081]
[200.886, -29.253, 170.522, -352.377, 368.685, -55.2581, -41.0432, -262.081]
[200.948, -29.253, 170.522, -352.439, 368.685, -55.2581, -41.0432, -262.081]
[200.948, -29.253, 154.878, -336.795, 368.685, -55.2581, -41.0432, -262.081]
[200.948, -29.253, 154.878, -336.808, 368.698, -55.2581, -41.0432, -262.081]
[200.948, -29.253, 154.878, -336.808, 368.955, -55.2581, -41.3002, -262.081]
[200.948, -29.253, 154.878, -337.587, 368.955, -55.2581, -40.5217, -262.081]
[200.948, -29.253, 153.223, -337.587, 370.61, -55.2581, -40.5217, -262.081]
[200.948, -29.253, 153.223, -337.587, 370.863, -55.2581, -40.7753, -262.081]
[200.948, -29.253, 153.339, -337.702, 370.863, -55.2581, -40.7753, -262.081]
[200.948, -29.253, 153.339, -338.583, 370.863, -54.3771, -40.7753, -262.081]
[200.948, -29.253, 153.339, -339.45, 370.863, -53.5106, -40.7753, -262.081]
[200.948, -28.5763, 153.339, -340.126, 370.863, -53.5106, -40.7753, -262.081]
[201.018, -28.5763, 153.339, -340.196, 370.863, -53.5106, -40.7753, -262.081]
[201.018, -28.5763, 153.339, -340.946, 370.863, -53.5106, -40.0253, -262.081]
[201.018, -28.5763, 153.339, -341.686, 370.863, -53.5106, -39.2859, -262.081]
[202.162, -28.5763, 153.339, -341.686, 370.863, -54.6547, -39.2859, -262.081]
[202.162, -28.5763, 153.449, -341.796, 370.863, -54.6547, -39.2859, -262.081]
[202.162, -30.7688, 155.642, -341.796, 370.863, -54.6547, -39.2859, -262.081]
[202.162, -30.0974, 155.642, -342.468, 370.863, -54.6547, -39.2859, -262.081]
[202.162, -30.0974, 155.642, -342.468, 370.863, -61.9156, -32.025, -262.081]
[202.162, -30.0974, 155.642, -347.331, 370.863, -61.9156, -32.025, -257.218]
[202.162, -30.0974, 155.642, -347.975, 370.863, -61.9156, -31.3806, -257.218]
[202.162, -30.0974, 155.642, -347.987, 370.875, -61.9156, -31.3806, -257.218]
[202.162, -30.0974, 157.245, -347.987, 370.875, -63.5193, -31.3806, -257.218]
[202.226, -30.0974, 157.245, -348.051, 370.875, -63.5193, -31.3806, -257.218]
[202.226, -30.0974, 157.345, -348.151, 370.875, -63.5193, -31.3806, -257.218]
[202.226, -30.0974, 157.345, -352.667, 370.875, -63.5193, -31.3806, -252.702]
[203.613, -30.0974, 157.345, -352.667, 370.875, -63.5193, -32.7675, -252.702]
[203.613, -30.0974, 157.345, -341.17, 370.875, -63.5193, -32.7675, -264.199]
[203.613, -30.0974, 157.345, -341.17, 370.875, -70.1835, -26.1032, -264.199]
[203.613, -30.0974, 158.811, -341.17, 370.875, -71.6492, -26.1032, -264.199]
[203.613, -30.0974, 158.811, -341.17, 371.061, -71.8353, -26.1032, -264.199]
[203.613, -23.8512, 158.811, -341.17, 371.061, -78.0816, -26.1032, -264.199]
[203.613, -23.8512, 158.811, -341.816, 371.061, -78.0816, -25.4573, -264.199]
[204.5, -23.8512, 158.811, -341.816, 371.061, -78.9689, -25.4573, -264.199]
[204.5, -23.8512, 158.811, -331.045, 371.061, -78.9689, -25.4573, -274.97]
[205.373, -23.8512, 158.811, -331.045, 371.061, -79.8414, -25.4573, -274.97]
[205.373, -18.133, 158.811, -331.045, 371.061, -85.5596, -25.4573, -274.97]
[205.373, -18.133, 158.811, -331.045, 371.354, -85.5596, -25.7501, -274.97]
[205.446, -18.133, 158.811, -331.118, 371.354, -85.5596, -25.7501, -274.97]
[205.446, -18.133, 158.927, -331.234, 371.354, -85.5596, -25.7501, -274.97]
[205.446, -18.133, 158.927, -331.234, 371.354, -91.1396, -20.1701, -274.97]
[205.519, -18.133, 158.927, -331.307, 371.354, -91.1396, -20.1701, -274.97]
[205.519, -18.133, 157.248, -331.307, 373.033, -91.1396, -20.1701, -274.97]
[205.519, -18.133, 157.248, -331.307, 373.183, -91.2898, -20.1701, -274.97]
[205.592, -18.133, 157.248, -331.38, 373.183, -91.2898, -20.1701, -274.97]
[205.592, -20.4539, 159.569, -331.38, 373.183, -91.2898, -20.1701, -274.97]
[205.592, -20.4539, 159.569, -331.38, 373.183, -96.4695, -14.9903, -274.97]
[205.592, -20.4539, 159.569, -332.751, 373.183, -95.0991, -14.9903, -274.97]
[206.333, -20.4539, 159.569, -332.751, 373.183, -95.8401, -14.9903, -274.97]
[206.333, -20.4539, 143.955, -317.136, 373.183, -95.8401, -14.9903, -274.97]
[206.333, -19.684, 143.955, -317.906, 373.183, -95.8401, -14.9903, -274.97]
[206.333, -19.9874, 143.955, -317.906, 373.487, -95.8401, -14.9903, -274.97]
[206.333, -19.9874, 143.955, -319.446, 373.487, -94.3001, -14.9903, -274.97]
[203.845, -19.9874, 143.955, -319.446, 375.975, -94.3001, -14.9903, -274.97]
[203.845, -19.9874, 143.955, -320.944, 375.975, -92.8025, -14.9903, -274.97]
[203.845, -19.9874, 143.955, -320.944, 376.284, -92.8025, -15.2995, -274.97]
[203.845, -19.9874, 144.104, -321.093, 376.284, -92.8025, -15.2995, -274.97]
[203.845, -19.9874, 144.104, -321.093, 376.591, -92.8025, -15.6067, -274.97]
[203.845, -19.9874, 144.104, -321.093, 376.591, -97.7734, -10.6358, -274.97]
[203.845, -15.0366, 144.104, -321.093, 376.591, -102.724, -10.6358, -274.97]
[203.845, -15.0366, 144.104, -327.175, 376.591, -102.724, -10.6358, -268.888]
[188.818, -15.0366, 144.104, -327.175, 376.591, -87.6969, -10.6358, -268.888]
[188.818, -9.91018, 144.104, -327.175, 376.591, -92.8233, -10.6358, -268.888]
[190.701, -9.91018, 144.104, -327.175, 376.591, -92.8233, -12.5196, -268.888]
[190.701, -9.91018, 144.244, -327.315, 376.591, -92.8233, -12.5196, -268.888]
[190.701, -9.91018, 144.244, -317.217, 376.591, -92.8233, -12.5196, -278.986]
[190.701, -9.91018, 144.244, -317.217, 376.734, -92.9659, -12.5196, -278.986]
[190.701, -9.91018, 144.244, -318.727, 376.734, -91.456, -12.5196, -278.986]
[190.701, -9.91018, 144.396, -318.879, 376.734, -91.456, -12.5196, -278.986]
[190.701, -9.91018, 144.396, -318.879, 376.878, -91.6003, -12.5196, -278.986]
[190.701, -9.91018, 144.547, -319.03, 376.878, -91.6003, -12.5196, -278.986]
[190.701, -9.91018, 144.547, -319.731, 376.878, -91.6003, -11.8187, -278.986]
[190.701, -9.91018, 144.547, -319.731, 377.194, -91.6003, -12.1347, -278.986]
[190.701, -9.91018, 144.547, -319.731, 377.509, -91.6003, -12.4488, -278.986]
[188.598, -9.91018, 144.547, -319.731, 379.612, -91.6003, -12.4488, -278.986]
[188.598, -9.91018, 144.547, -321.189, 379.612, -90.1426, -12.4488, -278.986]
[188.598, -5.04193, 144.547, -321.189, 379.612, -95.0109, -12.4488, -278.986]
[188.598, -5.04193, 144.547, -327.418, 379.612, -95.0109, -12.4488, -272.758]
[188.598, -5.04193, 144.547, -333.184, 379.612, -95.0109, -12.4488, -266.991]
[202.297, -5.04193, 144.547, -333.184, 365.913, -95.0109, -12.4488, -266.991]
[202.297, -0.494744, 144.547, -333.184, 365.913, -99.5581, -12.4488, -266.991]
[202.297, 12.2459, 131.807, -333.184, 365.913, -99.5581, -12.4488, -266.991]
[202.297, 11.801, 131.807, -333.184, 366.358, -99.5581, -12.4488, -266.991]
[199.743, 11.801, 131.807, -333.184, 368.912, -99.5581, -12.4488, -266.991]
[199.743, 11.801, 131.807, -334.571, 368.912, -98.1714, -12.4488, -266.991]
[199.743, 8.16054, 135.447, -334.571, 368.912, -98.1714, -12.4488, -266.991]
[199.743, 8.16054, 135.447, -335.923, 368.912, -96.8194, -12.4488, -266.991]
[197.297, 8.16054, 135.447, -335.923, 371.358, -96.8194, -12.4488, -266.991]
[197.372, 8.16054, 135.447, -335.999, 371.358, -96.8194, -12.4488, -266.991]
[197.372, 12.2382, 135.447, -335.999, 371.358, -100.897, -12.4488, -266.991]
[197.372, 12.2382, 136.8, -335.999, 371.358, -102.25, -12.4488, -266.991]
[197.372, 12.2382, 136.8, -336.012, 371.372, -102.25, -12.4488, -266.991]
[197.372, 12.2382, 138.119, -336.012, 371.372, -103.569, -12.4488, -266.991]
[197.372, 12.2382, 138.119, -341.265, 371.372, -103.569, -12.4488, -261.738]
[197.372, 12.6838, 138.119, -341.71, 371.372, -103.569, -12.4488, -261.738]
[197.372, 9.19305, 141.61, -341.71, 371.372, -103.569, -12.4488, -261.738]
[197.372, 9.19305, 141.61, -346.587, 371.372, -103.569, -12.4488, -256.861]
[197.372, 9.19305, 141.729, -346.706, 371.372, -103.569, -12.4488, -256.861]
[195.024, 9.19305, 141.729, -346.706, 373.72, -103.569, -12.4488, -256.861]
[195.024, 8.79278, 141.729, -346.706, 374.12, -103.569, -12.4488, -256.861]
[195.024, 8.79278, 140.326, -346.706, 375.523, -103.569, -12.4488, -256.861]
[195.024, 8.79278, 140.326, -335.529, 375.523, -103.569, -12.4488, -268.038]
[195.102, 8.79278, 140.326, -335.607, 375.523, -103.569, -12.4488, -268.038]
[195.102, 9.27954, 140.326, -336.093, 375.523, -103.569, -12.4488, -268.038]
[195.102, 5.93878, 143.667, -336.093, 375.523, -103.569, -12.4488, -268.038]
[195.102, 5.93878, 143.667, -336.093, 375.652, -103.699, -12.4488, -268.038]
[195.102, 5.93878, 143.667, -336.106, 375.665, -103.699, -12.4488, -268.038]
[195.102, 9.87737, 143.667, -336.106, 375.665, -107.638, -12.4488, -268.038]
[195.179, 9.87737, 143.667, -336.183, 375.665, -107.638, -12.4488, -268.038]
[195.179, 9.87737, 143.667, -337.636, 375.665, -106.185, -12.4488, -268.038]
[195.179, 9.87737, 143.667, -337.636, 375.665, -110.612, -8.02245, -268.038]
[195.179, 13.5043, 143.667, -337.636, 375.665, -114.239, -8.02245, -268.038]
[195.179, 13.5043, 143.667, -342.868, 375.665, -114.239, -8.02245, -262.805]
[195.179, 13.5043, 143.667, -344.319, 375.665, -112.787, -8.02245, -262.805]
[195.179, -1.79636, 143.667, -329.019, 375.665, -112.787, -8.02245, -262.805]
[195.179, -1.79636, 142.26, -329.019, 377.072, -112.787, -8.02245, -262.805]
[195.179, -1.79636, 140.888, -329.019, 378.444, -112.787, -8.02245, -262.805]
[195.179, -1.79636, 142.041, -329.019, 378.444, -113.941, -8.02245, -262.805]
[195.179, -1.22172, 142.041, -329.593, 378.444, -113.941, -8.02245, -262.805]
[193.01, -1.22172, 142.041, -329.593, 380.613, -113.941, -8.02245, -262.805]
[193.01, -1.22172, 140.716, -329.593, 381.938, -113.941, -8.02245, -262.805]
[193.708, -1.22172, 140.716, -329.593, 381.938, -114.639, -8.02245, -262.805]
[193.708, -1.22172, 141.851, -329.593, 381.938, -115.774, -8.02245, -262.805]
[193.708, 2.57356, 141.851, -329.593, 381.938, -119.569, -8.02245, -262.805]
[193.708, 2.57356, 140.544, -329.593, 383.246, -119.569, -8.02245, -262.805]
[193.708, 2.57356, 140.544, -329.593, 383.554, -119.569, -8.33064, -262.805]
[193.708, 2.57356, 140.544, -329.593, 383.656, -119.671, -8.33064, -262.805]
[193.708, 2.57356, 140.544, -329.593, 383.758, -119.773, -8.33064, -262.805]
[193.708, 2.57356, 140.544, -334.925, 383.758, -119.773, -8.33064, -257.474]
[193.708, 2.57356, 140.544, -335.503, 383.758, -119.773, -7.75251, -257.474]
[193.708, 2.57356, 140.544, -340.445, 383.758, -119.773, -7.75251, -252.531]
[193.708, 6.14895, 140.544, -340.445, 383.758, -123.349, -7.75251, -252.531]
[193.783, 6.14895, 140.544, -340.52, 383.758, -123.349, -7.75251, -252.531]
[193.783, 6.14895, 140.544, -341.065, 383.758, -123.349, -7.20779, -252.531]
[193.783, 6.14895, 140.67, -341.191, 383.758, -123.349, -7.20779, -252.531]
[195.641, 6.14895, 140.67, -341.191, 383.758, -123.349, -9.06631, -252.531]
[195.641, 21.5246, 140.67, -341.191, 368.382, -123.349, -9.06631, -252.531]
[195.641, 21.0493, 140.67, -341.191, 368.857, -123.349, -9.06631, -252.531]
[195.641, 17.3981, 144.322, -341.191, 368.857, -123.349, -9.06631, -252.531]
[195.641, 17.3981, 144.443, -341.313, 368.857, -123.349, -9.06631, -252.531]
[195.641, 17.3981, 144.443, -341.313, 368.971, -123.462, -9.06631, -252.531]
[193.279, 17.3981, 144.443, -341.313, 371.333, -123.462, -9.06631, -252.531]
[193.279, 17.3981, 144.443, -341.313, 371.333, -127.262, -5.26653, -252.531]
[193.279, 17.3981, 144.564, -341.434, 371.333, -127.262, -5.26653, -252.531]
[193.279, 17.3981, 144.564, -346.016, 371.333, -127.262, -5.26653, -247.949]
[193.279, 17.3981, 144.564, -346.016, 371.689, -127.262, -5.62232, -247.949]
[193.351, 17.3981, 144.564, -346.087, 371.689, -127.262, -5.62232, -247.949]
[193.963, 17.3981, 144.564, -346.087, 371.689, -127.875, -5.62232, -247.949]
[193.963, 17.3981, 144.564, -346.593, 371.689, -127.875, -5.11665, -247.949]
[193.963, 17.8005, 144.564, -346.995, 371.689, -127.875, -5.11665, -247.949]
[194.568, 17.8005, 144.564, -346.995, 371.689, -128.48, -5.11665, -247.949]
[194.568, 17.8005, 143.093, -346.995, 373.16, -128.48, -5.11665, -247.949]
[194.568, 2.47171, 143.093, -331.667, 373.16, -128.48, -5.11665, -247.949]
[194.568, 2.47171, 143.093, -317.761, 373.16, -142.385, -5.11665, -247.949]
[194.568, 2.47171, 143.093, -322.987, 373.16, -142.385, -5.11665, -242.724]
[194.657, 2.47171, 143.093, -323.075, 373.16, -142.385, -5.11665, -242.724]
[194.657, 2.47171, 127.513, -307.494, 373.16, -142.385, -5.11665, -242.724]
[194.657, 2.47171, 127.513, -307.494, 373.51, -142.385, -5.46665, -242.724]
[194.657, 2.47171, 127.513, -307.494, 373.6, -142.475, -5.46665, -242.724]
[194.657, 2.47171, 127.513, -307.512, 373.617, -142.475, -5.46665, -242.724]
[194.657, 2.47171, 127.513, -307.512, 373.964, -142.475, -5.8139, -242.724]
[194.657, 3.14981, 127.513, -308.19, 373.964, -142.475, -5.8139, -242.724]
[194.657, 3.14981, 127.513, -313.568, 373.964, -142.475, -5.8139, -237.346]
[194.657, 3.14981, 127.513, -313.584, 373.98, -142.475, -5.8139, -237.346]
[194.657, 3.14981, 127.513, -315.991, 373.98, -140.068, -5.8139, -237.346]
[195.191, 3.14981, 127.513, -315.991, 373.98, -140.603, -5.8139, -237.346]
[195.191, 3.14981, 127.513, -316.007, 373.996, -140.603, -5.8139, -237.346]
[195.191, -0.370194, 131.033, -316.007, 373.996, -140.603, -5.8139, -237.346]
[195.191, -0.370194, 131.033, -316.007, 374.087, -140.694, -5.8139, -237.346]
[195.191, -0.370194, 129.761, -316.007, 375.359, -140.694, -5.8139, -237.346]
[181.321, -0.370194, 129.761, -316.007, 375.359, -140.694, 8.05578, -237.346]
[181.321, -0.370194, 130.747, -316.007, 375.359, -141.68, 8.05578, -237.346]
[179.346, -0.370194, 130.747, -316.007, 377.335, -141.68, 8.05578, -237.346]
[179.346, -0.370194, 131.715, -316.007, 377.335, -142.648, 8.05578, -237.346]
[179.95, -0.370194, 131.715, -316.007, 377.335, -143.252, 8.05578, -237.346]
[179.95, -3.68371, 135.029, -316.007, 377.335, -143.252, 8.05578, -237.346]
[179.95, -3.68371, 133.748, -316.007, 378.615, -143.252, 8.05578, -237.346]
[179.95, -3.68371, 133.748, -305.2, 378.615, -143.252, 8.05578, -248.153]
[180.547, -3.68371, 133.748, -305.2, 378.615, -143.85, 8.05578, -248.153]
[180.547, -3.68371, 132.497, -305.2, 379.866, -143.85, 8.05578, -248.153]
[180.547, -3.68371, 132.497, -305.857, 379.866, -143.85, 8.71296, -248.153]
[180.547, -3.68371, 132.691, -306.051, 379.866, -143.85, 8.71296, -248.153]
[180.547, -3.68371, 132.691, -306.051, 379.95, -143.933, 8.71296, -248.153]
[180.547, -3.68371, 132.691, -306.051, 379.95, -146.74, 11.5206, -248.153]
[180.547, -4.01584, 132.691, -306.051, 380.282, -146.74, 11.5206, -248.153]
[180.547, -4.01584, 131.471, -306.051, 381.502, -146.74, 11.5206, -248.153]
[182.997, -4.01584, 131.471, -306.051, 381.502, -146.74, 9.07112, -248.153]
[183.558, -4.01584, 131.471, -306.051, 381.502, -147.301, 9.07112, -248.153]
[183.558, -4.01584, 131.471, -306.051, 381.581, -147.38, 9.07112, -248.153]
[183.558, -4.01584, 131.471, -306.067, 381.597, -147.38, 9.07112, -248.153]
[183.558, -4.01584, 131.471, -306.067, 381.967, -147.38, 8.70089, -248.153]
[183.558, -4.01584, 131.471, -311.716, 381.967, -147.38, 8.70089, -242.504]
[183.558, -4.01584, 131.471, -311.716, 382.335, -147.38, 8.33333, -242.504]
[184.112, -4.01584, 131.471, -311.716, 382.335, -147.935, 8.33333, -242.504]
[184.112, -1.00124, 131.471, -311.716, 382.335, -150.949, 8.33333, -242.504]
[184.112, -1.00124, 131.471, -311.716, 382.41, -151.025, 8.33333, -242.504]
[184.112, -1.00124, 131.471, -316.962, 382.41, -151.025, 8.33333, -237.258]
[184.112, -1.00124, 132.351, -316.962, 382.41, -151.906, 8.33333, -237.258]
[184.112, -4.28173, 135.632, -316.962, 382.41, -151.906, 8.33333, -237.258]
[184.112, -4.28173, 135.632, -316.962, 382.485, -151.98, 8.33333, -237.258]
[184.64, -4.28173, 135.632, -316.962, 382.485, -152.508, 8.33333, -237.258]
[184.64, -7.39513, 138.745, -316.962, 382.485, -152.508, 8.33333, -237.258]
[186.942, -7.39513, 138.745, -316.962, 382.485, -152.508, 6.03065, -237.258]
[187.453, -7.39513, 138.745, -316.962, 382.485, -153.019, 6.03065, -237.258]
[187.453, -7.39513, 138.745, -316.962, 382.485, -155.682, 8.69362, -237.258]
