[335.499, 174.046, -35.5269, -226.693, 177.455, -108.85, -11.8645, -303.958]
[335.499, 174.661, -35.5269, -226.693, 177.455, -109.465, -11.8645, -303.958]
[335.499, 174.661, -35.5269, -229.3, 177.455, -106.858, -11.8645, -303.958]
[335.63, 174.661, -35.5269, -229.3, 177.455, -106.989, -11.8645, -303.958]
[335.893, 174.661, -35.7899, -229.3, 177.455, -106.989, -11.8645, -303.958]
[335.893, 174.661, -35.7899, -229.3, 178.898, -106.989, -13.3074, -303.958]
[335.893, 174.661, -35.7899, -230.44, 178.898, -106.989, -12.1674, -303.958]
[335.893, 175.283, -35.7899, -230.44, 178.898, -107.611, -12.1674, -303.958]
[324.906, 175.283, -35.7899, -219.453, 178.898, -107.611, -12.1674, -303.958]
[324.906, 175.283, -35.7899, -220.686, 178.898, -107.611, -10.9352, -303.958]
[324.906, 175.898, -35.7899, -220.686, 178.898, -108.226, -10.9352, -303.958]
[324.906, 175.898, -35.7899, -217.344, 178.898, -108.226, -10.9352, -307.3]
[324.906, 175.898, -35.7899, -220.116, 178.898, -105.454, -10.9352, -307.3]
[326.934, 173.871, -35.7899, -220.116, 178.898, -105.454, -10.9352, -307.3]
[326.934, 174.507, -35.7899, -220.116, 178.898, -106.09, -10.9352, -307.3]
[326.934, 174.507, -35.7899, -220.316, 179.098, -106.09, -10.9352, -307.3]
[326.934, 174.507, -35.7899, -222.983, 179.098, -103.423, -10.9352, -307.3]
[326.934, 174.71, -35.7899, -223.186, 179.098, -103.423, -10.9352, -307.3]
[326.934, 174.71, -35.7899, -223.186, 179.098, -103.423, -10.394, -307.841]
[327.299, 174.71, -35.7899, -223.186, 179.098, -103.423, -10.7593, -307.841]
[316.637, 174.71, -35.7899, -223.186, 179.098, -103.423, -0.0973285, -307.841]
[316.637, 174.71, -35.7899, -223.38, 179.292, -103.423, -0.0973285, -307.841]
[318.784, 172.563, -35.7899, -223.38, 179.292, -103.423, -0.0973285, -307.841]
[318.784, 172.563, -35.7899, -220.067, 179.292, -103.423, -0.0973285, -311.155]
[318.784, 173.783, -37.0105, -220.067, 179.292, -103.423, -0.0973285, -311.155]
[318.784, 173.783, -35.4872, -221.59, 179.292, -103.423, -0.0973285, -311.155]
[320.879, 171.689, -35.4872, -221.59, 179.292, -103.423, -0.0973285, -311.155]
[320.879, 171.689, -45.0282, -212.049, 179.292, -103.423, -0.0973285, -311.155]
[323.032, 171.689, -45.0282, -212.049, 177.139, -103.423, -0.0973285, -311.155]
[323.032, 172.35, -45.0282, -212.049, 177.139, -104.085, -0.0973285, -311.155]
[323.032, 172.35, -43.2819, -213.795, 177.139, -104.085, -0.0973285, -311.155]
[323.032, 173.004, -43.2819, -213.795, 177.139, -104.739, -0.0973285, -311.155]
[323.032, 173.649, -43.2819, -213.795, 177.139, -105.384, -0.0973285, -311.155]
[323.032, 173.874, -43.2819, -214.019, 177.139, -105.384, -0.0973285, -311.155]
[323.032, 174.51, -43.2819, -214.019, 177.139, -106.021, -0.0973285, -311.155]
[323.032, 174.51, -41.5896, -215.712, 177.139, -106.021, -0.0973285, -311.155]
[325.068, 172.475, -41.5896, -215.712, 177.139, -106.021, -0.0973285, -311.155]
[327.113, 172.475, -41.5896, -215.712, 175.093, -106.021, -0.0973285, -311.155]
[327.257, 172.475, -41.5896, -215.712, 175.093, -106.164, -0.0973285, -311.155]
[327.257, 172.475, -41.5896, -215.929, 175.31, -106.164, -0.0973285, -311.155]
[327.257, 172.475, -41.5896, -215.929, 176.937, -106.164, -1.72386, -311.155]
[327.257, 173.634, -42.7495, -215.929, 176.937, -106.164, -1.72386, -311.155]
[327.257, 173.634, -41.0918, -217.586, 176.937, -106.164, -1.72386, -311.155]
[329.263, 173.634, -41.0918, -217.586, 174.931, -106.164, -1.72386, -311.155]
[329.263, 173.634, -39.4803, -219.198, 174.931, -106.164, -1.72386, -311.155]
[329.263, 173.634, -37.9126, -220.766, 174.931, -106.164, -1.72386, -311.155]
[329.263, 173.634, -37.9126, -217.588, 174.931, -106.164, -1.72386, -314.333]
[329.263, 174.821, -39.0989, -217.588, 174.931, -106.164, -1.72386, -314.333]
[329.263, 174.821, -39.0989, -206.776, 164.119, -106.164, -1.72386, -314.333]
[329.263, 174.821, -39.0989, -203.972, 164.119, -106.164, -1.72386, -317.137]
[329.263, 174.821, -39.0989, -203.972, 165.883, -106.164, -3.48753, -317.137]
[329.263, 175.065, -39.0989, -204.216, 165.883, -106.164, -3.48753, -317.137]
[329.315, 175.065, -39.0989, -204.269, 165.883, -106.164, -3.48753, -317.137]
[331.258, 173.123, -39.0989, -204.269, 165.883, -106.164, -3.48753, -317.137]
[333.139, 171.242, -39.0989, -204.269, 165.883, -106.164, -3.48753, -317.137]
[333.139, 171.242, -39.0989, -204.269, 166.564, -106.845, -3.48753, -317.137]
[333.272, 171.242, -39.0989, -204.269, 166.564, -106.979, -3.48753, -317.137]
[335.023, 171.242, -39.0989, -204.269, 164.813, -106.979, -3.48753, -317.137]
[335.023, 172.441, -40.298, -204.269, 164.813, -106.979, -3.48753, -317.137]
[335.023, 172.69, -40.298, -204.518, 164.813, -106.979, -3.48753, -317.137]
[336.723, 172.69, -40.298, -204.518, 163.113, -106.979, -3.48753, -317.137]
[336.723, 172.69, -40.298, -201.819, 163.113, -106.979, -3.48753, -319.836]
[336.723, 172.69, -40.298, -201.819, 163.807, -107.672, -3.48753, -319.836]
[336.971, 172.69, -40.5464, -201.819, 163.807, -107.672, -3.48753, -319.836]
[337.219, 172.69, -40.7936, -201.819, 163.807, -107.672, -3.48753, -319.836]
[338.873, 172.69, -40.7936, -201.819, 162.152, -107.672, -3.48753, -319.836]
[338.873, 172.69, -38.9573, -203.655, 162.152, -107.672, -3.48753, -319.836]
[338.873, 172.69, -38.9573, -212.052, 162.152, -107.672, -3.48753, -311.439]
[340.481, 172.69, -38.9573, -212.052, 160.544, -107.672, -3.48753, -311.439]
[340.481, 172.69, -38.9573, -209.074, 160.544, -107.672, -3.48753, -314.417]
[340.481, 172.927, -38.9573, -209.311, 160.544, -107.672, -3.48753, -314.417]
[340.481, 172.927, -37.2595, -211.009, 160.544, -107.672, -3.48753, -314.417]
[340.481, 172.927, -37.2595, -212.238, 160.544, -107.672, -2.25794, -314.417]
[340.481, 172.927, -37.2595, -220.345, 160.544, -107.672, -2.25794, -306.311]
[340.481, 173.555, -37.2595, -220.345, 160.544, -108.301, -2.25794, -306.311]
[340.481, 173.555, -35.7365, -221.868, 160.544, -108.301, -2.25794, -306.311]
[340.521, 173.555, -35.7365, -221.908, 160.544, -108.301, -2.25794, -306.311]
[340.521, 173.555, -35.7365, -221.908, 161.246, -109.003, -2.25794, -306.311]
[340.521, 174.766, -36.9469, -221.908, 161.246, -109.003, -2.25794, -306.311]
[340.521, 174.766, -46.4733, -212.381, 161.246, -109.003, -2.25794, -306.311]
[340.868, 174.766, -46.4733, -212.381, 161.246, -109.003, -2.60454, -306.311]
[340.989, 174.766, -46.4733, -212.381, 161.246, -109.124, -2.60454, -306.311]
[340.989, 175.375, -46.4733, -212.381, 161.246, -109.733, -2.60454, -306.311]
[341.109, 175.375, -46.4733, -212.381, 161.246, -109.853, -2.60454, -306.311]
[341.333, 175.375, -46.6972, -212.381, 161.246, -109.853, -2.60454, -306.311]
[341.333, 175.599, -46.6972, -212.605, 161.246, -109.853, -2.60454, -306.311]
[341.333, 175.599, -44.9345, -214.368, 161.246, -109.853, -2.60454, -306.311]
[341.333, 176.199, -44.9345, -214.368, 161.246, -110.454, -2.60454, -306.311]
[341.56, 176.199, -45.1614, -214.368, 161.246, -110.454, -2.60454, -306.311]
[341.56, 176.199, -45.1614, -222.25, 161.246, -110.454, -2.60454, -298.429]
[341.56, 176.199, -45.1614, -222.25, 161.929, -111.137, -2.60454, -298.429]
[341.56, 176.199, -44.35, -222.25, 161.929, -111.137, -2.60454, -299.24]
[341.902, 176.199, -44.35, -222.25, 161.929, -111.137, -2.94652, -299.24]
[342.02, 176.199, -44.35, -222.25, 161.929, -111.254, -2.94652, -299.24]
[342.02, 177.293, -45.4443, -222.25, 161.929, -111.254, -2.94652, -299.24]
[342.02, 177.293, -45.4443, -222.481, 162.161, -111.254, -2.94652, -299.24]
[342.02, 177.293, -43.8402, -224.085, 162.161, -111.254, -2.94652, -299.24]
[342.02, 177.293, -43.8402, -220.552, 162.161, -111.254, -2.94652, -302.773]
[342.137, 177.293, -43.8402, -220.552, 162.161, -111.372, -2.94652, -302.773]
[343.915, 175.515, -43.8402, -220.552, 162.161, -111.372, -2.94652, -302.773]
[343.915, 175.515, -43.8402, -228.211, 162.161, -111.372, -2.94652, -295.114]
[343.915, 175.515, -42.3341, -229.717, 162.161, -111.372, -2.94652, -295.114]
[343.915, 175.515, -42.3341, -232.302, 162.161, -108.787, -2.94652, -295.114]
[343.915, 175.515, -42.3341, -228.466, 162.161, -108.787, -2.94652, -298.95]
[344.249, 175.515, -42.3341, -228.466, 162.161, -108.787, -3.27967, -298.95]
[344.249, 176.122, -42.3341, -228.466, 162.161, -109.394, -3.27967, -298.95]
[344.249, 176.122, -42.3341, -228.466, 162.845, -110.078, -3.27967, -298.95]
[344.249, 176.122, -42.3341, -228.466, 164.604, -110.078, -5.03917, -298.95]
[345.817, 176.122, -42.3341, -228.466, 163.036, -110.078, -5.03917, -298.95]
[346.138, 176.122, -42.3341, -228.466, 163.036, -110.078, -5.35966, -298.95]
[346.138, 176.216, -42.3341, -228.466, 163.036, -110.078, -5.35966, -299.045]
[346.138, 176.216, -42.3341, -228.681, 163.251, -110.078, -5.35966, -299.045]
[346.138, 176.216, -42.3341, -225.032, 163.251, -110.078, -5.35966, -302.694]
[346.138, 176.216, -42.3341, -227.684, 163.251, -107.426, -5.35966, -302.694]
[347.663, 176.216, -42.3341, -227.684, 161.726, -107.426, -5.35966, -302.694]
[347.663, 176.216, -42.3341, -228.761, 161.726, -107.426, -4.28273, -302.694]
[347.663, 176.216, -42.3341, -231.287, 161.726, -104.9, -4.28273, -302.694]
[347.663, 176.216, -42.3341, -227.663, 161.726, -104.9, -4.28273, -306.318]
[347.698, 176.216, -42.3341, -227.698, 161.726, -104.9, -4.28273, -306.318]
[347.698, 176.216, -42.3341, -227.698, 162.442, -105.617, -4.28273, -306.318]
[347.698, 176.407, -42.3341, -227.889, 162.442, -105.617, -4.28273, -306.318]
[347.815, 176.407, -42.3341, -227.889, 162.442, -105.734, -4.28273, -306.318]
[347.815, 176.407, -42.3341, -227.889, 164.193, -105.734, -6.03337, -306.318]
[347.85, 176.407, -42.3341, -227.924, 164.193, -105.734, -6.03337, -306.318]
[347.85, 176.407, -42.3341, -228.138, 164.407, -105.734, -6.03337, -306.318]
[347.85, 176.597, -42.3341, -228.328, 164.407, -105.734, -6.03337, -306.318]
[347.85, 176.597, -42.3341, -230.829, 164.407, -103.232, -6.03337, -306.318]
[349.368, 176.597, -42.3341, -230.829, 162.889, -103.232, -6.03337, -306.318]
[349.402, 176.597, -42.3341, -230.862, 162.889, -103.232, -6.03337, -306.318]
[349.402, 176.597, -40.8812, -232.315, 162.889, -103.232, -6.03337, -306.318]
[349.402, 176.597, -40.8812, -228.754, 162.889, -103.232, -6.03337, -309.879]
[350.88, 176.597, -40.8812, -228.754, 161.411, -103.232, -6.03337, -309.879]
[350.88, 176.597, -40.8812, -228.754, 162.14, -103.962, -6.03337, -309.879]
[350.88, 176.597, -40.8812, -228.971, 162.357, -103.962, -6.03337, -309.879]
[350.88, 176.597, -40.8812, -230.042, 162.357, -103.962, -4.96238, -309.879]
[352.333, 176.597, -40.8812, -230.042, 160.904, -103.962, -4.96238, -309.879]
[352.333, 177.225, -40.8812, -230.042, 160.904, -104.591, -4.96238, -309.879]
[353.75, 177.225, -40.8812, -230.042, 159.488, -104.591, -4.96238, -309.879]
[353.75, 177.41, -40.8812, -230.227, 159.488, -104.591, -4.96238, -309.879]
[353.75, 177.41, -40.8812, -232.67, 159.488, -102.148, -4.96238, -309.879]
[353.75, 178.527, -41.998, -232.67, 159.488, -102.148, -4.96238, -309.879]
[353.864, 178.527, -41.998, -232.67, 159.488, -102.262, -4.96238, -309.879]
[354.071, 178.527, -42.2045, -232.67, 159.488, -102.262, -4.96238, -309.879]
[354.071, 178.527, -40.7758, -234.098, 159.488, -102.262, -4.96238, -309.879]
[355.695, 176.902, -40.7758, -234.098, 159.488, -102.262, -4.96238, -309.879]
[355.695, 178.025, -41.8988, -234.098, 159.488, -102.262, -4.96238, -309.879]
[355.695, 178.655, -41.8988, -234.098, 159.488, -102.892, -4.96238, -309.879]
[355.695, 179.278, -41.8988, -234.098, 159.488, -103.515, -4.96238, -309.879]
[355.987, 179.278, -41.8988, -234.098, 159.488, -103.515, -5.25374, -309.879]
[355.987, 179.452, -41.8988, -234.272, 159.488, -103.515, -5.25374, -309.879]
[355.987, 179.452, -41.8988, -234.272, 160.229, -104.256, -5.25374, -309.879]
[355.987, 179.625, -41.8988, -234.445, 160.229, -104.256, -5.25374, -309.879]
[357.351, 179.625, -41.8988, -234.445, 158.865, -104.256, -5.25374, -309.879]
[357.38, 179.625, -41.8988, -234.475, 158.865, -104.256, -5.25374, -309.879]
[357.38, 179.625, -51.521, -224.853, 158.865, -104.256, -5.25374, -309.879]
[357.38, 180.234, -51.521, -224.853, 158.865, -104.866, -5.25374, -309.879]
[357.413, 180.234, -51.521, -224.885, 158.865, -104.866, -5.25374, -309.879]
[357.413, 180.234, -51.521, -221.584, 158.865, -104.866, -5.25374, -313.18]
[357.413, 180.234, -51.521, -229.458, 158.865, -104.866, -5.25374, -305.306]
[346.419, 180.234, -51.521, -218.464, 158.865, -104.866, -5.25374, -305.306]
[346.419, 180.837, -51.521, -218.464, 158.865, -105.468, -5.25374, -305.306]
[346.737, 180.837, -51.521, -218.464, 158.865, -105.468, -5.5717, -305.306]
[346.737, 181.036, -51.521, -218.664, 158.865, -105.468, -5.5717, -305.306]
[348.198, 181.036, -51.521, -218.664, 157.404, -105.468, -5.5717, -305.306]
[348.315, 181.036, -51.521, -218.664, 157.404, -105.585, -5.5717, -305.306]
[348.315, 181.036, -51.521, -218.915, 157.654, -105.585, -5.5717, -305.306]
[348.315, 181.036, -51.521, -208.139, 146.879, -105.585, -5.5717, -305.306]
[348.315, 181.036, -51.521, -208.139, 147.696, -106.402, -5.5717, -305.306]
[348.431, 181.036, -51.521, -208.139, 147.696, -106.518, -5.5717, -305.306]
[348.629, 181.036, -51.7194, -208.139, 147.696, -106.518, -5.5717, -305.306]
[348.645, 181.036, -51.7194, -208.139, 147.696, -106.518, -5.5717, -305.322]
[348.955, 181.036, -51.7194, -208.139, 147.696, -106.518, -5.88189, -305.322]
[338.127, 181.036, -40.8916, -208.139, 147.696, -106.518, -5.88189, -305.322]
[338.127, 181.625, -40.8916, -208.139, 147.696, -107.106, -5.88189, -305.322]
[338.127, 182.207, -40.8916, -208.139, 147.696, -107.688, -5.88189, -305.322]
[338.127, 182.425, -40.8916, -208.357, 147.696, -107.688, -5.88189, -305.322]
[338.127, 182.642, -40.8916, -208.574, 147.696, -107.688, -5.88189, -305.322]
[338.371, 182.642, -41.1351, -208.574, 147.696, -107.688, -5.88189, -305.322]
[338.371, 182.642, -41.1351, -205.538, 147.696, -107.688, -5.88189, -308.358]
[338.371, 182.642, -41.1351, -205.538, 149.649, -107.688, -7.83493, -308.358]
[338.371, 182.642, -41.1351, -195.855, 149.649, -107.688, -17.5187, -308.358]
[338.613, 182.642, -41.3775, -195.855, 149.649, -107.688, -17.5187, -308.358]
[338.854, 182.642, -41.6188, -195.855, 149.649, -107.688, -17.5187, -308.358]
[340.299, 182.642, -41.6188, -195.855, 148.205, -107.688, -17.5187, -308.358]
[340.536, 182.642, -41.8556, -195.855, 148.205, -107.688, -17.5187, -308.358]
[340.536, 183.698, -42.9116, -195.855, 148.205, -107.688, -17.5187, -308.358]
[340.536, 183.94, -42.9116, -196.097, 148.205, -107.688, -17.5187, -308.358]
[342.441, 182.035, -42.9116, -196.097, 148.205, -107.688, -17.5187, -308.358]
[342.734, 182.035, -42.9116, -196.097, 148.205, -107.688, -17.8121, -308.358]
[342.784, 182.035, -42.9116, -196.147, 148.205, -107.688, -17.8121, -308.358]
[342.784, 182.612, -42.9116, -196.147, 148.205, -108.265, -17.8121, -308.358]
[342.784, 182.612, -42.9116, -197.733, 148.205, -108.265, -16.2257, -308.358]
[333.138, 182.612, -42.9116, -197.733, 157.852, -108.265, -16.2257, -308.358]
[333.138, 182.612, -42.9116, -199.277, 157.852, -108.265, -14.682, -308.358]
[333.138, 182.612, -42.9116, -199.277, 158.572, -108.985, -14.682, -308.358]
[334.776, 182.612, -42.9116, -199.277, 156.933, -108.985, -14.682, -308.358]
[334.828, 182.612, -42.9116, -199.33, 156.933, -108.985, -14.682, -308.358]
[336.803, 180.637, -42.9116, -199.33, 156.933, -108.985, -14.682, -308.358]
[336.803, 180.637, -42.9116, -199.33, 156.933, -107.663, -14.682, -309.68]
[336.803, 180.637, -42.9116, -196.584, 156.933, -107.663, -14.682, -312.426]
[336.803, 180.637, -42.9116, -198.122, 156.933, -107.663, -13.1434, -312.426]
[336.803, 180.637, -42.9116, -195.457, 156.933, -107.663, -13.1434, -315.091]
[336.803, 180.637, -42.9116, -203.922, 156.933, -107.663, -13.1434, -306.625]
[336.803, 180.637, -39.124, -203.922, 156.933, -111.451, -13.1434, -306.625]
[338.369, 180.637, -39.124, -203.922, 155.368, -111.451, -13.1434, -306.625]
[338.616, 180.637, -39.3712, -203.922, 155.368, -111.451, -13.1434, -306.625]
[338.665, 180.637, -39.3712, -203.971, 155.368, -111.451, -13.1434, -306.625]
[338.713, 180.637, -39.3712, -204.019, 155.368, -111.451, -13.1434, -306.625]
[338.713, 180.867, -39.3712, -204.25, 155.368, -111.451, -13.1434, -306.625]
[338.713, 180.867, -37.5932, -206.028, 155.368, -111.451, -13.1434, -306.625]
[338.713, 180.867, -34.0287, -206.028, 155.368, -115.015, -13.1434, -306.625]
[338.713, 180.867, -34.0287, -209.191, 155.368, -111.851, -13.1434, -306.625]
[340.232, 180.867, -34.0287, -209.191, 153.848, -111.851, -13.1434, -306.625]
[340.232, 180.867, -34.0287, -209.191, 154.571, -112.574, -13.1434, -306.625]
[340.232, 180.867, -34.0287, -210.552, 154.571, -112.574, -11.7828, -306.625]
[340.232, -24.2314, 171.07, -210.552, 154.571, -112.574, -11.7828, -306.625]
[340.232, -22.7505, 171.07, -212.033, 154.571, -112.574, -11.7828, -306.625]
[340.276, -22.7505, 171.07, -212.077, 154.571, -112.574, -11.7828, -306.625]
[340.276, -22.7505, 171.07, -212.077, 156.327, -112.574, -13.5389, -306.625]
[340.276, -22.7505, 171.07, -212.077, 157.029, -113.276, -13.5389, -306.625]
[340.276, -22.7505, 171.07, -215.068, 157.029, -110.285, -13.5389, -306.625]
[340.276, -22.7505, 171.297, -215.295, 157.029, -110.285, -13.5389, -306.625]
[340.588, -22.7505, 171.297, -215.295, 157.029, -110.285, -13.8503, -306.625]
[340.588, -22.7505, 171.297, -212.138, 157.029, -110.285, -13.8503, -309.782]
[331.276, -22.7505, 180.609, -212.138, 157.029, -110.285, -13.8503, -309.782]
[331.276, -24.0263, 181.884, -212.138, 157.029, -110.285, -13.8503, -309.782]
[331.276, -24.0263, 182.095, -212.349, 157.029, -110.285, -13.8503, -309.782]
[331.324, -24.0263, 182.095, -212.397, 157.029, -110.285, -13.8503, -309.782]
[331.662, -24.0263, 182.095, -212.397, 157.029, -110.285, -14.189, -309.782]
[331.662, -24.0263, 182.304, -212.606, 157.029, -110.285, -14.189, -309.782]
[322.275, -24.0263, 182.304, -212.606, 166.416, -110.285, -14.189, -309.782]
[322.275, -24.0263, 182.865, -212.606, 166.416, -110.846, -14.189, -309.782]
[322.275, -24.0263, 182.865, -220.604, 166.416, -110.846, -14.189, -301.784]
[322.275, -24.0263, 182.865, -217.214, 166.416, -110.846, -14.189, -305.174]
[322.275, -24.0263, 183.42, -217.214, 166.416, -111.401, -14.189, -305.174]
[322.275, -24.0263, 183.42, -220.055, 166.416, -108.56, -14.189, -305.174]
[322.275, -24.0263, 183.42, -216.756, 166.416, -108.56, -14.189, -308.473]
[322.275, -24.0263, 183.42, -224.633, 166.416, -108.56, -14.189, -300.596]
[322.275, -24.0263, 183.603, -224.816, 166.416, -108.56, -14.189, -300.596]
[322.275, -25.2547, 184.832, -224.816, 166.416, -108.56, -14.189, -300.596]
[322.275, -25.2547, 184.832, -224.816, 156.054, -98.1978, -14.189, -300.596]
[311.619, -25.2547, 184.832, -224.816, 156.054, -98.1978, -3.53259, -300.596]
[313.54, -25.2547, 184.832, -224.816, 154.133, -98.1978, -3.53259, -300.596]
[313.59, -25.2547, 184.832, -224.867, 154.133, -98.1978, -3.53259, -300.596]
[315.975, -25.2547, 182.447, -224.867, 154.133, -98.1978, -3.53259, -300.596]
[316.326, -25.6065, 182.447, -224.867, 154.133, -98.1978, -3.53259, -300.596]
[316.326, -25.6065, 182.447, -225.11, 154.376, -98.1978, -3.53259, -300.596]
[316.498, -25.6065, 182.447, -225.11, 154.376, -98.3697, -3.53259, -300.596]
[316.498, -25.6065, 182.447, -232.61, 154.376, -98.3697, -3.53259, -293.096]
[316.498, -24.3712, 182.447, -233.845, 154.376, -98.3697, -3.53259, -293.096]
[316.851, -24.7243, 182.447, -233.845, 154.376, -98.3697, -3.53259, -293.096]
[316.851, -24.7243, 182.447, -240.944, 154.376, -98.3697, -3.53259, -285.997]
[316.851, -24.7243, 182.447, -240.944, 155.191, -99.185, -3.53259, -285.997]
[316.851, -24.7243, 182.447, -240.944, 157.063, -99.185, -5.4043, -285.997]
[317.202, -25.075, 182.447, -240.944, 157.063, -99.185, -5.4043, -285.997]
[317.55, -25.4233, 182.447, -240.944, 157.063, -99.185, -5.4043, -285.997]
[317.55, -25.4233, 182.447, -241.899, 157.063, -99.185, -4.44914, -285.997]
[306.949, -25.4233, 182.447, -241.899, 157.063, -99.185, 6.1521, -285.997]
[308.962, -25.4233, 182.447, -241.899, 155.05, -99.185, 6.1521, -285.997]
[308.962, -25.4233, 182.447, -237.583, 155.05, -99.185, 6.1521, -290.313]
[308.962, -25.4233, 182.447, -233.491, 155.05, -99.185, 6.1521, -294.405]
[308.962, -25.4233, 182.447, -235.773, 155.05, -96.9028, 6.1521, -294.405]
[308.962, -25.4233, 182.447, -235.773, 157.08, -96.9028, 4.12271, -294.405]
[308.962, -25.4233, 182.447, -242.857, 157.08, -96.9028, 4.12271, -287.321]
[308.962, -25.4233, 182.447, -243.717, 157.08, -96.9028, 4.98268, -287.321]
[308.962, -25.4233, 182.447, -244.564, 157.08, -96.9028, 5.8291, -287.321]
[308.962, -25.4233, 182.447, -240.212, 157.08, -96.9028, 5.8291, -291.673]
[311.389, -25.4233, 180.021, -240.212, 157.08, -96.9028, 5.8291, -291.673]
[311.389, -25.4233, 180.021, -240.416, 157.283, -96.9028, 5.8291, -291.673]
[311.389, -26.6757, 181.273, -240.416, 157.283, -96.9028, 5.8291, -291.673]
[311.389, -26.6757, 181.434, -240.576, 157.283, -96.9028, 5.8291, -291.673]
[311.884, -26.6757, 181.434, -240.576, 157.283, -96.9028, 5.33324, -291.673]
[312.245, -27.0368, 181.434, -240.576, 157.283, -96.9028, 5.33324, -291.673]
[312.604, -27.3953, 181.434, -240.576, 157.283, -96.9028, 5.33324, -291.673]
[312.604, -27.3953, 181.434, -247.467, 157.283, -96.9028, 5.33324, -284.782]
[312.604, -28.6107, 182.649, -247.467, 157.283, -96.9028, 5.33324, -284.782]
[312.785, -28.6107, 182.649, -247.467, 157.283, -97.0834, 5.33324, -284.782]
[312.785, -28.6107, 182.649, -242.971, 157.283, -97.0834, 5.33324, -289.278]
[312.785, -27.4538, 182.649, -244.128, 157.283, -97.0834, 5.33324, -289.278]
[312.785, -26.3207, 182.649, -245.261, 157.283, -97.0834, 5.33324, -289.278]
[313.272, -26.3207, 182.649, -245.261, 157.283, -97.0834, 4.84627, -289.278]
[313.451, -26.3207, 182.649, -245.261, 157.283, -97.2625, 4.84627, -289.278]
[313.451, -26.3207, 182.649, -251.967, 157.283, -97.2625, 4.84627, -282.571]
[315.797, -26.3207, 180.303, -251.967, 157.283, -97.2625, 4.84627, -282.571]
[315.797, -26.3207, 180.303, -252.752, 157.283, -97.2625, 5.63143, -282.571]
[315.797, -27.5602, 181.542, -252.752, 157.283, -97.2625, 5.63143, -282.571]
[315.797, -27.5602, 181.542, -248.056, 157.283, -97.2625, 5.63143, -287.268]
[315.797, -27.5602, 181.69, -248.204, 157.283, -97.2625, 5.63143, -287.268]
[315.797, -27.5602, 181.69, -248.204, 159.267, -97.2625, 3.64724, -287.268]
[315.797, -27.5602, 181.69, -254.78, 159.267, -97.2625, 3.64724, -280.692]
[317.703, -27.5602, 181.69, -254.78, 157.361, -97.2625, 3.64724, -280.692]
[318.041, -27.8985, 181.69, -254.78, 157.361, -97.2625, 3.64724, -280.692]
[318.041, -27.8985, 181.69, -256.67, 157.361, -95.372, 3.64724, -280.692]
[318.041, -27.8985, 181.69, -258.502, 157.361, -93.5399, 3.64724, -280.692]
[318.041, -29.1057, 182.898, -258.502, 157.361, -93.5399, 3.64724, -280.692]
[318.041, -29.1057, 182.898, -258.502, 159.312, -93.5399, 1.69638, -280.692]
[318.041, -29.1057, 182.898, -260.279, 159.312, -91.7632, 1.69638, -280.692]
[318.041, -29.1057, 182.898, -266.352, 159.312, -91.7632, 1.69638, -274.619]
[318.041, -29.1057, 182.898, -261.067, 159.312, -91.7632, 1.69638, -279.904]
[318.374, -29.438, 182.898, -261.067, 159.312, -91.7632, 1.69638, -279.904]
[318.374, -29.438, 183.026, -261.196, 159.312, -91.7632, 1.69638, -279.904]
[318.374, -29.438, 183.69, -261.196, 159.312, -92.4269, 1.69638, -279.904]
[318.374, -28.4493, 183.69, -262.185, 159.312, -92.4269, 1.69638, -279.904]
[318.374, -28.4493, 183.69, -262.185, 161.201, -92.4269, -0.192614, -279.904]
[318.374, -28.4493, 183.69, -257.159, 161.201, -92.4269, -0.192614, -284.929]
[318.374, -28.4493, 183.69, -257.159, 162.01, -93.2356, -0.192614, -284.929]
[320.649, -28.4493, 181.414, -257.159, 162.01, -93.2356, -0.192614, -284.929]
[320.649, -28.4493, 181.414, -252.407, 162.01, -93.2356, -0.192614, -289.681]
[320.649, -29.6535, 182.619, -252.407, 162.01, -93.2356, -0.192614, -289.681]
[320.649, -29.6535, 182.619, -254.272, 162.01, -91.3709, -0.192614, -289.681]
[322.522, -29.6535, 182.619, -254.272, 160.137, -91.3709, -0.192614, -289.681]
[322.838, -29.9699, 182.619, -254.272, 160.137, -91.3709, -0.192614, -289.681]
[322.838, -29.9699, 182.619, -254.272, 161.984, -91.3709, -2.03951, -289.681]
[323.25, -29.9699, 182.619, -254.272, 161.984, -91.3709, -2.45152, -289.681]
[323.422, -29.9699, 182.619, -254.272, 161.984, -91.5426, -2.45152, -289.681]
[323.83, -29.9699, 182.619, -254.272, 161.984, -91.5426, -2.85959, -289.681]
[324.142, -30.2814, 182.619, -254.272, 161.984, -91.5426, -2.85959, -289.681]
[324.312, -30.2814, 182.619, -254.272, 161.984, -91.7126, -2.85959, -289.681]
[315.103, -30.2814, 182.619, -254.272, 171.192, -91.7126, -2.85959, -289.681]
[315.103, -30.2814, 182.619, -254.272, 172.838, -91.7126, -4.50501, -289.681]
[315.103, -30.2814, 182.619, -254.272, 172.838, -90.3747, -4.50501, -291.019]
[315.103, -30.2814, 182.619, -249.761, 172.838, -90.3747, -4.50501, -295.53]
[315.103, -31.4534, 183.791, -249.761, 172.838, -90.3747, -4.50501, -295.53]
[315.103, -31.4534, 183.791, -245.489, 172.838, -90.3747, -4.50501, -299.802]
[315.103, -31.4534, 183.791, -247.417, 172.838, -88.4462, -4.50501, -299.802]
[317.245, -31.4534, 183.791, -247.417, 170.696, -88.4462, -4.50501, -299.802]
[306.259, -31.4534, 183.791, -236.431, 170.696, -88.4462, -4.50501, -299.802]
[306.259, -31.4534, 183.791, -243.634, 170.696, -88.4462, -4.50501, -292.6]
[306.623, -31.8174, 183.791, -243.634, 170.696, -88.4462, -4.50501, -292.6]
[306.984, -32.1789, 183.791, -243.634, 170.696, -88.4462, -4.50501, -292.6]
[307.192, -32.1789, 183.791, -243.634, 170.696, -88.6536, -4.50501, -292.6]
[309.434, -32.1789, 183.791, -243.634, 168.453, -88.6536, -4.50501, -292.6]
[311.598, -32.1789, 183.791, -243.634, 166.289, -88.6536, -4.50501, -292.6]
[311.598, -32.1789, 183.791, -244.559, 166.289, -88.6536, -3.5807, -292.6]
[311.598, -31.0014, 183.791, -245.736, 166.289, -88.6536, -3.5807, -292.6]
[311.598, -31.0014, 183.791, -247.633, 166.289, -86.7563, -3.5807, -292.6]
[311.598, -31.0014, 183.936, -247.779, 166.289, -86.7563, -3.5807, -292.6]
[311.598, -31.0014, 183.936, -248.661, 166.289, -86.7563, -2.69842, -292.6]
[311.598, -31.0014, 183.936, -248.832, 166.461, -86.7563, -2.69842, -292.6]
[311.598, -29.88, 183.936, -249.954, 166.461, -86.7563, -2.69842, -292.6]
[311.598, -29.88, 183.936, -250.122, 166.629, -86.7563, -2.69842, -292.6]
[311.598, -29.88, 183.936, -250.122, 167.44, -87.5668, -2.69842, -292.6]
[311.598, -29.88, 183.936, -250.979, 167.44, -87.5668, -1.84197, -292.6]
[311.598, -29.88, 183.936, -246.597, 167.44, -87.5668, -1.84197, -296.981]
[311.598, -29.88, 183.936, -246.597, 168.238, -88.3652, -1.84197, -296.981]
[311.949, -30.231, 183.936, -246.597, 168.238, -88.3652, -1.84197, -296.981]
[311.99, -30.231, 183.936, -246.639, 168.238, -88.3652, -1.84197, -296.981]
[311.99, -30.231, 183.936, -246.81, 168.41, -88.3652, -1.84197, -296.981]
[311.99, -30.231, 173.591, -246.81, 168.41, -78.0199, -1.84197, -296.981]
[311.99, -30.231, 173.591, -253.677, 168.41, -78.0199, -1.84197, -290.114]
[311.99, -30.231, 173.591, -253.677, 170.109, -78.0199, -3.5413, -290.114]
[311.99, -30.231, 173.591, -253.677, 171.76, -78.0199, -5.19235, -290.114]
[311.99, -30.231, 173.591, -260.183, 171.76, -78.0199, -5.19235, -283.608]
[314.167, -30.231, 173.591, -260.183, 169.583, -78.0199, -5.19235, -283.608]
[314.167, -30.231, 173.591, -260.183, 171.218, -78.0199, -6.82767, -283.608]
[314.167, -30.231, 173.591, -266.338, 171.218, -78.0199, -6.82767, -277.453]
[314.2, -30.231, 173.591, -266.371, 171.218, -78.0199, -6.82767, -277.453]
[314.2, -30.231, 173.591, -272.188, 171.218, -78.0199, -6.82767, -271.636]
[314.2, -30.231, 173.591, -277.686, 171.218, -78.0199, -6.82767, -266.139]
[314.2, -30.231, 173.591, -278.374, 171.218, -78.0199, -6.13896, -266.139]
[314.631, -30.231, 173.591, -278.374, 171.218, -78.0199, -6.56935, -266.139]
[315.058, -30.231, 173.591, -278.374, 171.218, -78.0199, -6.99619, -266.139]
[317.213, -30.231, 171.436, -278.374, 171.218, -78.0199, -6.99619, -266.139]
[317.213, -30.231, 171.436, -283.55, 171.218, -78.0199, -6.99619, -260.963]
[317.421, -30.231, 171.436, -283.55, 171.218, -78.2276, -6.99619, -260.963]
[317.835, -30.231, 171.436, -283.55, 171.218, -78.2276, -7.41003, -260.963]
[317.835, -30.231, 171.436, -283.55, 172.801, -78.2276, -8.99241, -260.963]
[317.835, -30.231, 171.436, -283.55, 174.341, -78.2276, -10.5324, -260.963]
[317.835, -30.231, 171.436, -288.442, 174.341, -78.2276, -10.5324, -256.07]
[319.906, -30.231, 169.364, -288.442, 174.341, -78.2276, -10.5324, -256.07]
[320.108, -30.231, 169.364, -288.442, 174.341, -78.4296, -10.5324, -256.07]
[322.107, -30.231, 167.365, -288.442, 174.341, -78.4296, -10.5324, -256.07]
[322.107, -30.231, 167.365, -289.087, 174.341, -78.4296, -9.88782, -256.07]
[322.107, -31.5733, 168.708, -289.087, 174.341, -78.4296, -9.88782, -256.07]
[322.107, -31.5733, 168.82, -289.199, 174.341, -78.4296, -9.88782, -256.07]
[322.107, -32.8829, 170.13, -289.199, 174.341, -78.4296, -9.88782, -256.07]
[322.107, -32.8829, 170.13, -290.394, 174.341, -77.2351, -9.88782, -256.07]
[322.107, -32.8829, 170.239, -290.503, 174.341, -77.2351, -9.88782, -256.07]
[322.306, -32.8829, 170.239, -290.503, 174.341, -77.4346, -9.88782, -256.07]
[322.306, -34.1614, 171.517, -290.503, 174.341, -77.4346, -9.88782, -256.07]
[322.306, -34.1614, 171.517, -290.503, 175.164, -78.2573, -9.88782, -256.07]
[324.305, -34.1614, 169.519, -290.503, 175.164, -78.2573, -9.88782, -256.07]
[324.305, -34.1614, 169.519, -280.657, 175.164, -88.1032, -9.88782, -256.07]
[326.238, -34.1614, 167.585, -280.657, 175.164, -88.1032, -9.88782, -256.07]
[326.238, -34.1614, 167.585, -274.47, 175.164, -88.1032, -9.88782, -262.257]
[326.238, -34.1614, 168.379, -274.47, 175.164, -88.8966, -9.88782, -262.257]
[326.608, -34.1614, 168.379, -274.47, 175.164, -88.8966, -10.2575, -262.257]
[326.608, -34.1614, 168.379, -268.622, 175.164, -88.8966, -10.2575, -268.106]
[326.608, -34.1614, 168.379, -268.622, 175.897, -89.6306, -10.2575, -268.106]
[326.899, -34.4524, 168.379, -268.622, 175.897, -89.6306, -10.2575, -268.106]
[327.265, -34.4524, 168.379, -268.622, 175.897, -89.6306, -10.6234, -268.106]
[327.293, -34.4524, 168.379, -268.65, 175.897, -89.6306, -10.6234, -268.106]
[327.293, -34.4524, 168.379, -269.426, 175.897, -89.6306, -9.84709, -268.106]
[327.293, -34.4524, 168.379, -269.553, 176.024, -89.6306, -9.84709, -268.106]
[327.321, -34.4524, 168.379, -269.581, 176.024, -89.6306, -9.84709, -268.106]
[327.321, -34.4524, 168.379, -269.708, 176.151, -89.6306, -9.84709, -268.106]
[327.321, -34.4524, 168.379, -264.151, 176.151, -89.6306, -9.84709, -273.662]
[327.321, -34.4524, 168.379, -269.926, 176.151, -89.6306, -9.84709, -267.888]
[327.321, -34.4524, 168.379, -275.382, 176.151, -89.6306, -9.84709, -262.432]
[327.321, -34.4524, 168.379, -275.382, 176.873, -90.3528, -9.84709, -262.432]
[327.321, -34.4524, 168.379, -276.106, 176.873, -90.3528, -9.1232, -262.432]
[327.321, -33.5493, 168.379, -277.009, 176.873, -90.3528, -9.1232, -262.432]
[327.69, -33.5493, 168.379, -277.009, 176.873, -90.3528, -9.4917, -262.432]
[327.69, -34.7475, 168.379, -277.009, 178.071, -90.3528, -9.4917, -262.432]
[327.69, -33.8494, 168.379, -277.907, 178.071, -90.3528, -9.4917, -262.432]
[327.69, -33.8494, 168.379, -279.372, 178.071, -88.8876, -9.4917, -262.432]
[327.69, -33.8494, 168.379, -279.372, 178.786, -89.6019, -9.4917, -262.432]
[140.829, -33.8494, 168.379, -279.372, 365.646, -89.6019, -9.4917, -262.432]
[140.829, -33.8494, 168.502, -279.496, 365.646, -89.6019, -9.4917, -262.432]
[140.829, -33.8494, 168.502, -280.932, 365.646, -88.1662, -9.4917, -262.432]
[140.829, -33.8494, 168.502, -280.932, 365.899, -88.1662, -9.74468, -262.432]
[140.829, -33.8494, 168.502, -280.949, 365.916, -88.1662, -9.74468, -262.432]
[140.829, -33.8494, 168.502, -281.635, 365.916, -88.1662, -9.05821, -262.432]
[142.842, -33.8494, 168.502, -281.635, 365.916, -88.1662, -11.0713, -262.432]
[142.842, -33.8494, 168.502, -282.326, 365.916, -88.1662, -10.3807, -262.432]
[142.842, -35.1366, 169.79, -282.326, 365.916, -88.1662, -10.3807, -262.432]
[143.838, -35.1366, 169.79, -282.326, 365.916, -89.1616, -10.3807, -262.432]
[143.991, -35.1366, 169.79, -282.479, 365.916, -89.1616, -10.3807, -262.432]
[143.991, -35.1366, 169.79, -283.16, 365.916, -89.1616, -9.69991, -262.432]
[143.991, -35.1366, 169.79, -288.103, 365.916, -89.1616, -9.69991, -257.489]
[144.136, -35.1366, 169.79, -288.248, 365.916, -89.1616, -9.69991, -257.489]
[143.054, -35.1366, 169.79, -288.248, 366.998, -89.1616, -9.69991, -257.489]
[143.054, -35.1366, 169.79, -288.263, 367.014, -89.1616, -9.69991, -257.489]
[143.054, -35.1366, 169.79, -289.588, 367.014, -87.837, -9.69991, -257.489]
[143.054, -35.1366, 169.79, -294.223, 367.014, -87.837, -9.69991, -252.853]
[143.054, -35.1366, 169.79, -287.587, 367.014, -87.837, -9.69991, -259.49]
[143.054, -35.1366, 169.79, -287.587, 367.263, -87.837, -9.94903, -259.49]
[143.054, -35.1366, 170.569, -287.587, 367.263, -88.6162, -9.94903, -259.49]
[143.054, -35.1366, 170.569, -292.33, 367.263, -88.6162, -9.94903, -254.747]
[143.054, -35.1366, 169.216, -292.33, 368.616, -88.6162, -9.94903, -254.747]
[142.008, -35.1366, 169.216, -292.33, 369.662, -88.6162, -9.94903, -254.747]
[142.008, -35.1366, 169.216, -296.818, 369.662, -88.6162, -9.94903, -250.258]
[142.008, -35.3258, 169.216, -296.818, 369.851, -88.6162, -9.94903, -250.258]
[142.008, -34.5741, 169.216, -297.57, 369.851, -88.6162, -9.94903, -250.258]
[140.983, -34.5741, 169.216, -297.57, 370.876, -88.6162, -9.94903, -250.258]
[140.983, -34.5741, 169.216, -301.802, 370.876, -88.6162, -9.94903, -246.026]
[140.983, -34.762, 169.216, -301.802, 371.064, -88.6162, -9.94903, -246.026]
[140.983, -34.762, 169.216, -302.971, 371.064, -87.4472, -9.94903, -246.026]
[140.983, -34.762, 169.216, -303.53, 371.064, -87.4472, -9.39029, -246.026]
[140.983, -34.762, 169.216, -304.083, 371.064, -87.4472, -8.83746, -246.026]
[139.979, -34.762, 169.216, -304.083, 372.068, -87.4472, -8.83746, -246.026]
[138.994, -34.762, 169.216, -304.083, 373.053, -87.4472, -8.83746, -246.026]
[138.994, -34.762, 169.216, -304.63, 373.053, -87.4472, -8.2904, -246.026]
[138.994, -34.762, 169.312, -304.726, 373.053, -87.4472, -8.2904, -246.026]
[138.994, -34.762, 170.097, -304.726, 373.053, -88.2327, -8.2904, -246.026]
[139.122, -34.762, 170.097, -304.854, 373.053, -88.2327, -8.2904, -246.026]
[140.152, -34.762, 170.097, -304.854, 373.053, -89.2618, -8.2904, -246.026]
[140.152, -34.762, 170.097, -304.867, 373.066, -89.2618, -8.2904, -246.026]
[140.152, -34.762, 170.097, -308.803, 373.066, -89.2618, -8.2904, -242.09]
[140.152, -34.762, 168.817, -308.803, 374.346, -89.2618, -8.2904, -242.09]
[140.274, -34.762, 168.817, -308.925, 374.346, -89.2618, -8.2904, -242.09]
[140.274, -34.762, 168.817, -308.925, 374.581, -89.2618, -8.52549, -242.09]
[140.274, -34.762, 168.817, -310.028, 374.581, -88.1587, -8.52549, -242.09]
[142.305, -34.762, 168.817, -310.028, 374.581, -88.1587, -10.5565, -242.09]
[142.305, -34.762, 168.908, -310.119, 374.581, -88.1587, -10.5565, -242.09]
[141.321, -34.762, 168.908, -310.119, 375.565, -88.1587, -10.5565, -242.09]
[142.33, -34.762, 168.908, -310.119, 375.565, -89.1681, -10.5565, -242.09]
[142.33, -34.762, 169.684, -310.119, 375.565, -89.9441, -10.5565, -242.09]
[142.33, -34.762, 169.684, -302.801, 375.565, -89.9441, -10.5565, -249.409]
[142.33, -34.0549, 169.684, -303.508, 375.565, -89.9441, -10.5565, -249.409]
[142.33, -34.2353, 169.684, -303.508, 375.745, -89.9441, -10.5565, -249.409]
[142.456, -34.2353, 169.684, -303.634, 375.745, -89.9441, -10.5565, -249.409]
[142.456, -34.2353, 170.449, -303.634, 375.745, -90.7089, -10.5565, -249.409]
[142.456, -34.2353, 170.449, -307.688, 375.745, -90.7089, -10.5565, -245.355]
[142.456, -34.2353, 170.541, -307.779, 375.745, -90.7089, -10.5565, -245.355]
[142.456, -34.2353, 171.294, -307.779, 375.745, -91.4624, -10.5565, -245.355]
[142.456, -34.2353, 170.03, -307.779, 377.009, -91.4624, -10.5565, -245.355]
[142.456, -34.2353, 168.795, -307.779, 378.245, -91.4624, -10.5565, -245.355]
[143.426, -34.2353, 168.795, -307.779, 378.245, -92.4318, -10.5565, -245.355]
[143.426, -34.2353, 168.795, -307.779, 378.466, -92.4318, -10.7778, -245.355]
[143.426, -35.5148, 170.074, -307.779, 378.466, -92.4318, -10.7778, -245.355]
[143.426, -35.5148, 170.074, -297.293, 378.466, -92.4318, -21.2647, -245.355]
[143.426, -35.5148, 170.074, -297.293, 378.665, -92.4318, -21.4635, -245.355]
[143.426, -35.5148, 170.074, -301.405, 378.665, -92.4318, -21.4635, -241.243]
[143.426, -35.5148, 170.819, -301.405, 378.665, -93.1764, -21.4635, -241.243]
[143.426, -34.2655, 170.819, -301.405, 378.665, -93.1764, -21.4635, -242.492]
[143.426, -34.2655, 171.553, -301.405, 378.665, -93.9108, -21.4635, -242.492]
[143.426, -34.2655, 171.726, -301.405, 378.665, -93.9108, -21.4635, -242.665]
[143.426, -34.2655, 171.726, -302.635, 378.665, -92.6809, -21.4635, -242.665]
[143.426, -34.2655, 171.726, -306.542, 378.665, -92.6809, -21.4635, -238.758]
[142.468, -34.2655, 171.726, -306.542, 379.622, -92.6809, -21.4635, -238.758]
[142.468, -34.2655, 171.726, -310.255, 379.622, -92.6809, -21.4635, -235.045]
[141.527, -34.2655, 171.726, -310.255, 380.564, -92.6809, -21.4635, -235.045]
[141.527, -34.2655, 160.79, -299.318, 380.564, -92.6809, -21.4635, -235.045]
[141.527, -34.2655, 160.79, -299.963, 380.564, -92.6809, -20.8186, -235.045]
[141.527, -34.2655, 160.79, -292.722, 380.564, -92.6809, -20.8186, -242.287]
[141.668, -34.2655, 160.79, -292.863, 380.564, -92.6809, -20.8186, -242.287]
[141.668, -34.2655, 160.79, -293.544, 380.564, -92.6809, -20.1375, -242.287]
[141.668, -34.2655, 160.79, -297.674, 380.564, -92.6809, -20.1375, -238.157]
[141.668, -34.2655, 160.79, -297.686, 380.576, -92.6809, -20.1375, -238.157]
[141.668, -34.2655, 160.79, -301.605, 380.576, -92.6809, -20.1375, -234.238]
[141.668, -34.2655, 170.713, -301.605, 370.653, -92.6809, -20.1375, -234.238]
[143.493, -34.2655, 170.713, -301.605, 370.653, -92.6809, -21.9618, -234.238]
[143.493, -34.2655, 170.713, -305.328, 370.653, -92.6809, -21.9618, -230.515]
[132.591, -34.2655, 170.713, -294.425, 370.653, -92.6809, -21.9618, -230.515]
[132.591, -33.5044, 170.713, -295.187, 370.653, -92.6809, -21.9618, -230.515]
[132.591, -33.5044, 170.713, -295.201, 370.667, -92.6809, -21.9618, -230.515]
[132.591, -33.5044, 170.713, -296.486, 370.667, -91.3956, -21.9618, -230.515]
[132.591, -33.6947, 170.713, -296.486, 370.858, -91.3956, -21.9618, -230.515]
[132.591, -33.6947, 170.713, -296.5, 370.872, -91.3956, -21.9618, -230.515]
[134.528, -33.6947, 170.713, -296.5, 370.872, -91.3956, -23.8992, -230.515]
[134.528, -33.6947, 170.713, -300.257, 370.872, -91.3956, -23.8992, -226.758]
[134.528, -33.6947, 170.713, -300.911, 370.872, -91.3956, -23.2452, -226.758]
[134.528, -33.6947, 170.81, -301.009, 370.872, -91.3956, -23.2452, -226.758]
[134.528, -33.6947, 170.81, -304.564, 370.872, -91.3956, -23.2452, -223.203]
[134.663, -33.6947, 170.81, -304.699, 370.872, -91.3956, -23.2452, -223.203]
[136.547, -33.6947, 170.81, -304.699, 370.872, -91.3956, -25.1296, -223.203]
[136.547, -33.6947, 170.81, -304.699, 370.979, -91.5029, -25.1296, -223.203]
[136.547, -33.6947, 171.556, -304.699, 370.979, -92.2489, -25.1296, -223.203]
[136.547, -34.9493, 172.811, -304.699, 370.979, -92.2489, -25.1296, -223.203]
[136.547, -34.9493, 172.811, -304.711, 370.992, -92.2489, -25.1296, -223.203]
[136.547, -34.9493, 172.811, -305.888, 370.992, -91.0722, -25.1296, -223.203]
[136.547, -34.9493, 172.902, -305.979, 370.992, -91.0722, -25.1296, -223.203]
[136.547, -34.9493, 171.566, -305.979, 372.328, -91.0722, -25.1296, -223.203]
[135.594, -34.9493, 171.566, -305.979, 373.281, -91.0722, -25.1296, -223.203]
[135.726, -34.9493, 171.566, -306.111, 373.281, -91.0722, -25.1296, -223.203]
[135.726, -36.1899, 172.806, -306.111, 373.281, -91.0722, -25.1296, -223.203]
[135.726, -36.1899, 171.498, -306.111, 374.59, -91.0722, -25.1296, -223.203]
[135.726, -26.3929, 161.7, -306.111, 374.59, -91.0722, -25.1296, -223.203]
[135.726, -25.7592, 161.7, -306.745, 374.59, -91.0722, -25.1296, -223.203]
[135.726, -25.7592, 161.7, -307.367, 374.59, -91.0722, -24.5072, -223.203]
[135.726, -25.1368, 161.7, -307.989, 374.59, -91.0722, -24.5072, -223.203]
[135.726, -25.1368, 161.8, -308.089, 374.59, -91.0722, -24.5072, -223.203]
[135.726, -25.1368, 161.9, -308.189, 374.59, -91.0722, -24.5072, -223.203]
[135.726, -25.1368, 161.9, -311.49, 374.59, -91.0722, -24.5072, -219.902]
[136.76, -25.1368, 161.9, -311.49, 374.59, -92.1065, -24.5072, -219.902]
[136.883, -25.1368, 161.9, -311.613, 374.59, -92.1065, -24.5072, -219.902]
[136.883, -25.1368, 161.9, -314.761, 374.59, -92.1065, -24.5072, -216.754]
[136.883, -25.1368, 161.9, -317.77, 374.59, -92.1065, -24.5072, -213.745]
[136.999, -25.1368, 161.9, -317.886, 374.59, -92.1065, -24.5072, -213.745]
[138.828, -25.1368, 161.9, -317.886, 374.59, -92.1065, -26.3361, -213.745]
[138.941, -25.1368, 161.9, -317.999, 374.59, -92.1065, -26.3361, -213.745]
[138.941, -25.1368, 161.9, -320.873, 374.59, -92.1065, -26.3361, -210.872]
[138.941, -25.1368, 161.9, -323.626, 374.59, -92.1065, -26.3361, -208.118]
[138.941, -25.1368, 161.9, -326.267, 374.59, -92.1065, -26.3361, -205.477]
[138.941, -25.1368, 161.9, -326.267, 374.786, -92.1065, -26.5326, -205.477]
[138.941, -25.1368, 161.9, -326.791, 374.786, -92.1065, -26.0084, -205.477]
[139.936, -25.1368, 161.9, -326.791, 374.786, -93.1015, -26.0084, -205.477]
[139.936, -25.1368, 161.9, -327.31, 374.786, -93.1015, -25.4894, -205.477]
[138.975, -25.1368, 161.9, -327.31, 375.748, -93.1015, -25.4894, -205.477]
[138.975, -25.1368, 161.982, -327.392, 375.748, -93.1015, -25.4894, -205.477]
[138.975, -25.1368, 162.064, -327.474, 375.748, -93.1015, -25.4894, -205.477]
[138.975, -25.1368, 162.146, -327.556, 375.748, -93.1015, -25.4894, -205.477]
[138.975, -25.1368, 162.146, -330.068, 375.748, -93.1015, -25.4894, -202.966]
[138.975, -25.1368, 162.146, -330.077, 375.757, -93.1015, -25.4894, -202.966]
[139.961, -25.1368, 162.146, -330.077, 375.757, -94.0874, -25.4894, -202.966]
[139.961, -24.638, 162.146, -330.576, 375.757, -94.0874, -25.4894, -202.966]
[139.961, -26.113, 163.621, -330.576, 375.757, -94.0874, -25.4894, -202.966]
[139.961, -26.113, 163.621, -332.982, 375.757, -94.0874, -25.4894, -200.56]
[141.73, -26.113, 163.621, -332.982, 375.757, -94.0874, -27.2589, -200.56]
[141.73, -26.113, 163.621, -332.982, 375.757, -94.0874, -25.6029, -202.216]
[141.73, -26.113, 163.621, -335.329, 375.757, -94.0874, -25.6029, -199.869]
[141.73, -26.113, 153.375, -335.329, 375.757, -83.8412, -25.6029, -199.869]
[141.73, -26.113, 153.375, -335.329, 375.867, -83.9514, -25.6029, -199.869]
[141.73, -26.113, 153.375, -336.154, 375.867, -83.1256, -25.6029, -199.869]
[141.73, -26.113, 154.321, -336.154, 375.867, -84.0724, -25.6029, -199.869]
[140.763, -26.113, 154.321, -336.154, 376.835, -84.0724, -25.6029, -199.869]
[140.763, -26.113, 154.321, -327.376, 376.835, -84.0724, -25.6029, -208.647]
[142.519, -26.113, 154.321, -327.376, 376.835, -84.0724, -27.3589, -208.647]
[142.519, -26.113, 154.321, -327.376, 377.025, -84.0724, -27.5492, -208.647]
[142.519, -26.113, 154.41, -327.465, 377.025, -84.0724, -27.5492, -208.647]
[142.519, -26.113, 154.41, -327.465, 377.215, -84.0724, -27.7387, -208.647]
[142.519, -26.113, 154.41, -327.989, 377.215, -84.0724, -27.2145, -208.647]
[142.519, -26.113, 154.41, -330.554, 377.215, -84.0724, -27.2145, -206.082]
[142.519, -26.113, 153.338, -330.554, 378.287, -84.0724, -27.2145, -206.082]
[142.615, -26.113, 153.338, -330.65, 378.287, -84.0724, -27.2145, -206.082]
[142.615, -26.113, 153.338, -333.114, 378.287, -84.0724, -27.2145, -203.619]
[142.615, -26.113, 153.338, -324.459, 378.287, -84.0724, -27.2145, -212.273]
[142.615, -26.113, 153.338, -324.459, 378.394, -84.1796, -27.2145, -212.273]
[142.615, -26.113, 153.338, -324.996, 378.394, -84.1796, -26.6778, -212.273]
[143.65, -26.113, 153.338, -324.996, 378.394, -85.2139, -26.6778, -212.273]
[143.65, -26.113, 152.287, -324.996, 379.445, -85.2139, -26.6778, -212.273]
[142.697, -26.113, 152.287, -324.996, 380.398, -85.2139, -26.6778, -212.273]
[144.409, -26.113, 152.287, -324.996, 380.398, -85.2139, -28.3897, -212.273]
[144.509, -26.113, 152.287, -325.096, 380.398, -85.2139, -28.3897, -212.273]
[144.509, -16.6737, 142.848, -325.096, 380.398, -85.2139, -28.3897, -212.273]
[144.509, -16.6737, 142.848, -327.792, 380.398, -85.2139, -28.3897, -209.578]
[144.509, -16.6737, 132.845, -327.792, 380.398, -75.2115, -28.3897, -209.578]
[144.509, -16.6737, 132.845, -327.792, 380.58, -75.2115, -28.5716, -209.578]
[144.509, -16.6737, 134.069, -327.792, 380.58, -76.4353, -28.5716, -209.578]
[144.606, -16.6737, 134.069, -327.889, 380.58, -76.4353, -28.5716, -209.578]
[144.606, -16.6737, 134.069, -327.898, 380.589, -76.4353, -28.5716, -209.578]
[145.695, -16.6737, 134.069, -327.898, 380.589, -77.5248, -28.5716, -209.578]
[145.791, -16.6737, 134.069, -327.994, 380.589, -77.5248, -28.5716, -209.578]
[145.791, -16.2044, 134.069, -328.463, 380.589, -77.5248, -28.5716, -209.578]
[147.432, -16.2044, 134.069, -328.463, 380.589, -77.5248, -30.2127, -209.578]
[147.432, -16.2044, 134.069, -328.472, 380.598, -77.5248, -30.2127, -209.578]
[147.432, -16.2044, 134.069, -331.046, 380.598, -77.5248, -30.2127, -207.004]
[147.432, -16.2044, 134.069, -331.856, 380.598, -76.7152, -30.2127, -207.004]
[147.432, -18.2111, 136.076, -331.856, 380.598, -76.7152, -30.2127, -207.004]
[147.432, -18.2111, 135.196, -331.856, 381.478, -76.7152, -30.2127, -207.004]
[147.432, -20.1669, 137.152, -331.856, 381.478, -76.7152, -30.2127, -207.004]
[147.432, -20.362, 137.152, -331.856, 381.673, -76.7152, -30.2127, -207.004]
[149.028, -20.362, 137.152, -331.856, 381.673, -76.7152, -31.8085, -207.004]
[149.028, -20.362, 136.272, -331.856, 382.552, -76.7152, -31.8085, -207.004]
[149.028, -22.2664, 138.177, -331.856, 382.552, -76.7152, -31.8085, -207.004]
[149.028, -22.2664, 138.177, -334.314, 382.552, -76.7152, -31.8085, -204.546]
[149.028, -22.4555, 138.177, -334.314, 382.741, -76.7152, -31.8085, -204.546]
[149.028, -22.4555, 139.328, -334.314, 382.741, -77.8666, -31.8085, -204.546]
[149.028, -22.4555, 138.439, -334.314, 383.63, -77.8666, -31.8085, -204.546]
[149.028, -22.4555, 138.439, -334.314, 383.801, -77.8666, -31.9788, -204.546]
[149.028, -22.4555, 138.439, -334.314, 383.908, -77.9745, -31.9788, -204.546]
[148.067, -22.4555, 138.439, -334.314, 384.869, -77.9745, -31.9788, -204.546]
[148.067, -22.4555, 138.439, -334.314, 384.869, -82.2411, -27.7123, -204.546]
[148.067, -22.4555, 137.575, -334.314, 385.734, -82.2411, -27.7123, -204.546]
[148.067, -22.4555, 137.575, -325.654, 385.734, -82.2411, -27.7123, -213.205]
[148.067, -22.4555, 137.575, -328.357, 385.734, -82.2411, -27.7123, -210.502]
[148.067, -22.4555, 147.749, -328.357, 375.56, -82.2411, -27.7123, -210.502]
[148.067, -18.5436, 147.749, -328.357, 375.56, -86.1531, -27.7123, -210.502]
[148.067, -18.5436, 147.749, -328.367, 375.569, -86.1531, -27.7123, -210.502]
[148.067, -18.5436, 147.749, -328.887, 375.569, -86.1531, -27.1927, -210.502]
[148.067, -18.5436, 147.749, -329.401, 375.569, -86.1531, -26.6782, -210.502]
[149.034, -18.5436, 147.749, -329.401, 375.569, -87.1198, -26.6782, -210.502]
[149.034, -14.8505, 147.749, -329.401, 375.569, -90.8128, -26.6782, -210.502]
[149.125, -14.8505, 147.749, -329.492, 375.569, -90.8128, -26.6782, -210.502]
[149.125, -14.8505, 147.749, -329.492, 375.672, -90.9158, -26.6782, -210.502]
[149.125, -16.6628, 149.561, -329.492, 375.672, -90.9158, -26.6782, -210.502]
[149.125, -16.6628, 149.561, -329.492, 375.672, -90.9158, -25.1649, -212.016]
[149.216, -16.6628, 149.561, -329.584, 375.672, -90.9158, -25.1649, -212.016]
[149.216, -18.4208, 151.319, -329.584, 375.672, -90.9158, -25.1649, -212.016]
[149.216, -18.4208, 151.319, -329.584, 375.703, -90.9158, -25.1649, -212.046]
[149.216, -14.8234, 151.319, -329.584, 375.703, -94.5133, -25.1649, -212.046]
[150.102, -14.8234, 151.319, -329.584, 375.703, -95.3994, -25.1649, -212.046]
[150.102, -14.3693, 151.319, -330.038, 375.703, -95.3994, -25.1649, -212.046]
[150.974, -14.3693, 151.319, -330.038, 375.703, -96.2711, -25.1649, -212.046]
[151.259, -14.3693, 151.319, -330.038, 375.703, -96.2711, -25.1649, -212.331]
[150.202, -14.3693, 151.319, -330.038, 376.76, -96.2711, -25.1649, -212.331]
[150.202, -13.9192, 151.319, -330.488, 376.76, -96.2711, -25.1649, -212.331]
[149.166, -13.9192, 151.319, -330.488, 377.796, -96.2711, -25.1649, -212.331]
[149.166, -10.5564, 151.319, -330.488, 377.796, -99.6339, -25.1649, -212.331]
[149.166, -10.5564, 151.319, -333.076, 377.796, -99.6339, -25.1649, -209.743]
[149.166, -10.5564, 151.405, -333.162, 377.796, -99.6339, -25.1649, -209.743]
[149.166, -10.5564, 151.405, -333.171, 377.805, -99.6339, -25.1649, -209.743]
[149.166, -10.5564, 150.368, -333.171, 378.843, -99.6339, -25.1649, -209.743]
[149.166, -10.5564, 150.368, -334.144, 378.843, -98.6611, -25.1649, -209.743]
[149.166, -10.5564, 149.349, -334.144, 379.862, -98.6611, -25.1649, -209.743]
[149.166, -10.5564, 148.349, -334.144, 380.862, -98.6611, -25.1649, -209.743]
[149.166, -10.5564, 148.349, -334.144, 380.952, -98.7515, -25.1649, -209.743]
[149.253, -10.5564, 148.349, -334.231, 380.952, -98.7515, -25.1649, -209.743]
[149.253, -12.4253, 150.218, -334.231, 380.952, -98.7515, -25.1649, -209.743]
[148.264, -12.4253, 150.218, -334.231, 381.941, -98.7515, -25.1649, -209.743]
[148.264, -12.4253, 150.218, -325.671, 381.941, -98.7515, -25.1649, -218.303]
[148.264, -12.4253, 150.218, -325.671, 381.941, -102.323, -21.5939, -218.303]
[148.264, -11.9646, 150.218, -326.132, 381.941, -102.323, -21.5939, -218.303]
[148.264, -11.9646, 150.218, -328.93, 381.941, -102.323, -21.5939, -215.504]
[148.264, -11.9646, 150.218, -320.589, 381.941, -102.323, -21.5939, -223.846]
[147.292, -11.9646, 150.218, -320.589, 382.913, -102.323, -21.5939, -223.846]
[147.292, -11.9646, 150.218, -320.589, 382.913, -102.323, -20.3055, -225.134]
[147.292, -11.9646, 150.218, -320.589, 382.913, -105.693, -16.9349, -225.134]
[147.292, -11.9646, 150.218, -320.599, 382.922, -105.693, -16.9349, -225.134]
[147.292, -11.9646, 149.238, -320.599, 383.903, -105.693, -16.9349, -225.134]
[147.292, -11.9646, 150.037, -320.599, 383.903, -106.492, -16.9349, -225.134]
[146.346, -11.9646, 150.037, -320.599, 384.848, -106.492, -16.9349, -225.134]
[146.346, -11.9646, 150.037, -321.103, 384.848, -106.492, -16.43, -225.134]
[146.346, -12.1692, 150.037, -321.103, 385.053, -106.492, -16.43, -225.134]
[146.346, -12.1692, 150.037, -321.103, 385.133, -106.572, -16.43, -225.134]
[146.346, -10.9978, 150.037, -321.103, 385.133, -106.572, -16.43, -226.306]
[146.346, -10.9978, 150.135, -321.202, 385.133, -106.572, -16.43, -226.306]
[146.346, -10.9978, 150.135, -324.279, 385.133, -106.572, -16.43, -223.229]
[146.346, -10.9978, 150.135, -324.279, 385.133, -109.756, -13.2465, -223.229]
[146.346, -10.5373, 150.135, -324.739, 385.133, -109.756, -13.2465, -223.229]
[145.419, -10.5373, 150.135, -324.739, 386.061, -109.756, -13.2465, -223.229]
[144.508, -10.5373, 150.135, -324.739, 386.972, -109.756, -13.2465, -223.229]
[144.508, -10.5373, 150.135, -324.739, 387.048, -109.832, -13.2465, -223.229]
[145.311, -10.5373, 150.135, -324.739, 387.048, -110.636, -13.2465, -223.229]
[145.311, -10.5373, 150.135, -327.672, 387.048, -110.636, -13.2465, -220.296]
[145.311, -10.5373, 150.892, -327.672, 387.048, -111.392, -13.2465, -220.296]
[145.311, -10.5373, 150.892, -327.672, 387.048, -103.373, -21.2659, -220.296]
[145.311, -10.7403, 150.892, -327.672, 387.251, -103.373, -21.2659, -220.296]
[145.311, -12.5673, 152.719, -327.672, 387.251, -103.373, -21.2659, -220.296]
[145.311, -12.7659, 152.719, -327.672, 387.45, -103.373, -21.2659, -220.296]
[145.311, -12.7659, 152.808, -327.761, 387.45, -103.373, -21.2659, -220.296]
[145.311, -14.5336, 154.576, -327.761, 387.45, -103.373, -21.2659, -220.296]
[145.311, -14.5336, 154.576, -327.761, 387.531, -103.454, -21.2659, -220.296]
[145.311, -14.5336, 154.576, -328.819, 387.531, -102.396, -21.2659, -220.296]
[145.311, -14.5336, 154.576, -329.857, 387.531, -101.358, -21.2659, -220.296]
[145.311, -14.082, 154.576, -330.308, 387.531, -101.358, -21.2659, -220.296]
[147.064, -14.082, 154.576, -330.308, 387.531, -101.358, -23.0188, -220.296]
[147.064, -14.082, 154.576, -333.062, 387.531, -101.358, -23.0188, -217.543]
[147.064, -15.8043, 156.298, -333.062, 387.531, -101.358, -23.0188, -217.543]
[147.064, -17.4772, 157.971, -333.062, 387.531, -101.358, -23.0188, -217.543]
[147.064, -17.4772, 157.971, -333.062, 387.613, -101.441, -23.0188, -217.543]
[147.064, -17.6658, 157.971, -333.062, 387.802, -101.441, -23.0188, -217.543]
[147.064, -17.6658, 157.971, -335.702, 387.802, -101.441, -23.0188, -214.902]
[147.064, -17.6658, 158.05, -335.781, 387.802, -101.441, -23.0188, -214.902]
[147.064, -17.6658, 158.05, -327.291, 387.802, -101.441, -23.0188, -223.392]
[147.064, -17.6658, 158.05, -319.147, 387.802, -101.441, -23.0188, -231.536]
[147.064, -17.6658, 157.043, -319.147, 388.809, -101.441, -23.0188, -231.536]
[147.064, -17.6658, 157.043, -320.27, 388.809, -100.318, -23.0188, -231.536]
[147.064, -17.6658, 157.043, -320.27, 388.809, -103.8, -19.5368, -231.536]
[147.064, -17.8519, 157.043, -320.27, 388.995, -103.8, -19.5368, -231.536]
[147.064, -17.8519, 157.043, -320.279, 389.004, -103.8, -19.5368, -231.536]
[147.166, -17.8519, 157.043, -320.381, 389.004, -103.8, -19.5368, -231.536]
[147.166, -17.8519, 157.043, -320.9, 389.004, -103.8, -19.0181, -231.536]
[147.166, -17.8519, 157.135, -320.992, 389.004, -103.8, -19.0181, -231.536]
[147.166, -17.8519, 157.135, -321.505, 389.004, -103.8, -18.505, -231.536]
[147.166, -14.5726, 157.135, -321.505, 389.004, -107.079, -18.505, -231.536]
[147.166, -16.2511, 158.813, -321.505, 389.004, -107.079, -18.505, -231.536]
[147.166, -16.2511, 158.813, -321.505, 389.081, -107.156, -18.505, -231.536]
[147.166, -16.2511, 158.813, -324.692, 389.081, -107.156, -18.505, -228.348]
[148.932, -16.2511, 158.813, -324.692, 389.081, -107.156, -20.2712, -228.348]
[148.932, -16.2511, 159.534, -324.692, 389.081, -107.877, -20.2712, -228.348]
[148.932, -16.2511, 159.534, -327.737, 389.081, -107.877, -20.2712, -225.303]
[148.932, -16.2511, 159.534, -330.65, 389.081, -107.877, -20.2712, -222.391]
[148.932, -16.2511, 159.534, -330.65, 389.081, -111.118, -17.03, -222.391]
[149.694, -16.2511, 159.534, -330.65, 389.081, -111.88, -17.03, -222.391]
[149.694, -16.2511, 160.219, -330.65, 389.081, -112.565, -17.03, -222.391]
[149.694, -16.2511, 160.219, -322.414, 389.081, -112.565, -17.03, -230.626]
[149.694, -16.2511, 160.219, -322.911, 389.081, -112.565, -16.5333, -230.626]
[149.694, -16.2511, 160.436, -322.911, 389.081, -112.565, -16.5333, -230.843]
[149.694, -13.2055, 160.436, -322.911, 389.081, -115.611, -16.5333, -230.843]
[149.694, -13.2055, 160.436, -322.911, 389.151, -115.681, -16.5333, -230.843]
[149.694, -13.3993, 160.436, -322.911, 389.345, -115.681, -16.5333, -230.843]
[149.791, -13.3993, 160.436, -323.008, 389.345, -115.681, -16.5333, -230.843]
[149.791, -13.3993, 161.092, -323.008, 389.345, -116.337, -16.5333, -230.843]
[151.547, -13.3993, 161.092, -323.008, 389.345, -116.337, -18.2898, -230.843]
[151.547, -13.3993, 161.092, -324.247, 389.345, -115.098, -18.2898, -230.843]
[151.547, -13.3993, 161.092, -325.459, 389.345, -113.886, -18.2898, -230.843]
[151.547, -13.3993, 161.092, -314.443, 378.329, -113.886, -18.2898, -230.843]
[151.547, -4.01374, 151.706, -314.443, 378.329, -113.886, -18.2898, -230.843]
[151.547, -4.01374, 151.706, -314.443, 378.329, -116.947, -15.2284, -230.843]
[151.547, -4.01374, 151.706, -314.443, 378.54, -116.947, -15.4396, -230.843]
[151.547, -3.54043, 151.706, -314.916, 378.54, -116.947, -15.4396, -230.843]
[151.547, -3.54043, 151.706, -314.927, 378.551, -116.947, -15.4396, -230.843]
[151.547, -3.54043, 151.706, -318.249, 378.551, -116.947, -15.4396, -227.521]
[150.515, -3.54043, 151.706, -318.249, 379.583, -116.947, -15.4396, -227.521]
[150.515, -3.54043, 152.409, -318.249, 379.583, -117.65, -15.4396, -227.521]
[152.277, -3.54043, 152.409, -318.249, 379.583, -117.65, -17.2016, -227.521]
[152.277, -3.77441, 152.409, -318.249, 379.817, -117.65, -17.2016, -227.521]
[152.277, -3.3191, 152.409, -318.704, 379.817, -117.65, -17.2016, -227.521]
[152.277, -3.3191, 152.409, -318.704, 379.893, -117.726, -17.2016, -227.521]
[152.971, -3.3191, 152.409, -318.704, 379.893, -118.42, -17.2016, -227.521]
[152.971, -5.23782, 154.328, -318.704, 379.893, -118.42, -17.2016, -227.521]
[152.971, -5.23782, 154.328, -318.704, 379.968, -118.495, -17.2016, -227.521]
[152.971, -5.23782, 154.328, -321.864, 379.968, -118.495, -17.2016, -224.361]
[152.971, -5.23782, 154.328, -313.859, 379.968, -118.495, -17.2016, -232.366]
[152.971, -5.23782, 154.429, -313.96, 379.968, -118.495, -17.2016, -232.366]
[152.971, -5.23782, 153.383, -313.96, 381.014, -118.495, -17.2016, -232.366]
[152.971, -5.46474, 153.383, -313.96, 381.241, -118.495, -17.2016, -232.366]
[152.971, -5.46474, 153.383, -313.971, 381.251, -118.495, -17.2016, -232.366]
[152.971, -5.46474, 154.065, -313.971, 381.251, -119.177, -17.2016, -232.366]
[152.971, -5.46474, 154.739, -313.971, 381.251, -119.851, -17.2016, -232.366]
[152.971, -5.46474, 155.404, -313.971, 381.251, -120.516, -17.2016, -232.366]
[152.971, -5.46474, 155.404, -314.51, 381.251, -120.516, -16.6624, -232.366]
[152.971, -5.46474, 155.404, -306.853, 381.251, -120.516, -16.6624, -240.023]
[152.971, -5.46474, 155.404, -306.864, 381.263, -120.516, -16.6624, -240.023]
[153.643, -5.46474, 155.404, -306.864, 381.263, -121.188, -16.6624, -240.023]
[153.643, -5.46474, 155.404, -307.438, 381.263, -121.188, -16.0885, -240.023]
[153.643, -2.82793, 155.404, -307.438, 381.263, -123.825, -16.0885, -240.023]
[153.643, -2.82793, 154.361, -307.438, 382.306, -123.825, -16.0885, -240.023]
[153.643, -2.82793, 154.361, -308.954, 382.306, -122.309, -16.0885, -240.023]
[154.3, -2.82793, 154.361, -308.954, 382.306, -122.965, -16.0885, -240.023]
[154.3, -2.82793, 154.361, -309.514, 382.306, -122.965, -15.529, -240.023]
[154.3, -2.82793, 154.361, -302.159, 382.306, -122.965, -15.529, -247.377]
[154.3, -2.82793, 154.361, -295.174, 382.306, -122.965, -15.529, -254.363]
[156.005, -2.82793, 154.361, -295.174, 382.306, -122.965, -17.2344, -254.363]
[156.005, -2.82793, 154.361, -295.174, 382.505, -122.965, -17.4336, -254.363]
[156.005, -2.82793, 154.361, -299.577, 382.505, -122.965, -17.4336, -249.96]
[156.643, -2.82793, 154.361, -299.577, 382.505, -123.603, -17.4336, -249.96]
[156.643, -2.82793, 154.477, -299.693, 382.505, -123.603, -17.4336, -249.96]
[156.757, -2.82793, 154.477, -299.807, 382.505, -123.603, -17.4336, -249.96]
[156.757, -2.82793, 154.593, -299.923, 382.505, -123.603, -17.4336, -249.96]
[156.87, -2.82793, 154.593, -300.036, 382.505, -123.603, -17.4336, -249.96]
[156.984, -2.82793, 154.593, -300.15, 382.505, -123.603, -17.4336, -249.96]
[156.984, -2.82793, 154.593, -304.307, 382.505, -123.603, -17.4336, -245.803]
[156.984, -2.82793, 154.593, -305.861, 382.505, -122.049, -17.4336, -245.803]
[156.984, -2.82793, 154.593, -298.742, 382.505, -122.049, -17.4336, -252.922]
[157.621, -2.82793, 154.593, -298.742, 382.505, -122.687, -17.4336, -252.922]
[157.621, -2.82793, 155.242, -298.742, 382.505, -123.335, -17.4336, -252.922]
[157.621, -2.82793, 155.242, -298.742, 382.703, -123.335, -17.632, -252.922]
[157.621, -2.82793, 155.242, -303.013, 382.703, -123.335, -17.632, -248.651]
[157.621, -2.82793, 155.242, -303.013, 382.901, -123.335, -17.8297, -248.651]
[157.621, -2.82793, 155.242, -304.581, 382.901, -121.767, -17.8297, -248.651]
[157.621, -2.82793, 155.242, -308.591, 382.901, -121.767, -17.8297, -244.641]
[157.621, -2.82793, 155.242, -308.602, 382.912, -121.767, -17.8297, -244.641]
[156.573, -2.82793, 155.242, -308.602, 383.96, -121.767, -17.8297, -244.641]
[156.573, -2.82793, 155.242, -308.613, 383.971, -121.767, -17.8297, -244.641]
[156.573, -2.82793, 155.242, -301.395, 383.971, -121.767, -17.8297, -251.859]
[158.213, -2.82793, 155.242, -301.395, 383.971, -121.767, -19.4702, -251.859]
[158.213, -2.82793, 155.242, -301.395, 383.971, -124.682, -16.5547, -251.859]
[158.213, -3.05363, 155.242, -301.395, 384.197, -124.682, -16.5547, -251.859]
[158.213, -0.533464, 155.242, -301.395, 384.197, -127.203, -16.5547, -251.859]
[158.213, -2.45145, 157.16, -301.395, 384.197, -127.203, -16.5547, -251.859]
[158.213, -2.45145, 157.271, -301.506, 384.197, -127.203, -16.5547, -251.859]
[158.213, -2.45145, 157.271, -301.506, 384.394, -127.203, -16.7515, -251.859]
[158.213, -4.30769, 159.127, -301.506, 384.394, -127.203, -16.7515, -251.859]
[158.213, -4.30769, 159.127, -305.678, 384.394, -127.203, -16.7515, -247.688]
[157.173, -4.30769, 159.127, -305.678, 385.434, -127.203, -16.7515, -247.688]
[157.173, -4.30769, 159.127, -305.678, 385.434, -129.947, -14.0075, -247.688]
[157.173, -4.30769, 159.127, -309.635, 385.434, -129.947, -14.0075, -243.73]
[157.173, -4.30769, 159.127, -302.369, 385.434, -129.947, -14.0075, -250.996]
[156.153, -4.30769, 159.127, -302.369, 386.454, -129.947, -14.0075, -250.996]
[156.153, -4.30769, 159.127, -302.369, 386.652, -129.947, -14.2049, -250.996]
[156.153, -4.30769, 159.127, -302.369, 386.652, -132.583, -11.5684, -250.996]
[156.153, -4.30769, 159.127, -302.94, 386.652, -132.583, -10.9978, -250.996]
[156.153, -4.30769, 159.127, -302.94, 386.713, -132.644, -10.9978, -250.996]
[156.734, -4.30769, 159.127, -302.94, 386.713, -133.226, -10.9978, -250.996]
[156.734, -4.30769, 159.127, -307.052, 386.713, -133.226, -10.9978, -246.884]
[156.734, -4.30769, 159.127, -307.063, 386.723, -133.226, -10.9978, -246.884]
[156.84, -4.30769, 159.127, -307.168, 386.723, -133.226, -10.9978, -246.884]
