[314.164, 136.788, 24.4118, -220.112, 140.049, -46.3748, -40.9654, -307.95]
[314.324, 136.788, 24.4118, -220.112, 140.049, -46.3748, -41.1253, -307.95]
[314.324, 136.788, 24.4118, -220.112, 140.818, -47.1442, -41.1253, -307.95]
[314.351, 136.788, 24.4118, -220.139, 140.818, -47.1442, -41.1253, -307.95]
[314.351, 136.788, 24.4118, -220.29, 140.97, -47.1442, -41.1253, -307.95]
[314.351, 136.788, 24.4118, -220.441, 141.12, -47.1442, -41.1253, -307.95]
[314.351, 137.574, 24.4118, -220.441, 141.12, -47.9303, -41.1253, -307.95]
[314.351, 137.574, 24.4118, -221.259, 141.12, -47.9303, -40.3073, -307.95]
[314.351, 137.574, 24.4118, -221.259, 141.923, -47.9303, -41.1106, -307.95]
[314.351, 137.574, 24.4118, -222.119, 141.923, -47.0695, -41.1106, -307.95]
[314.351, 137.574, 24.4118, -222.119, 142.676, -47.8219, -41.1106, -307.95]
[314.51, 137.574, 24.4118, -222.119, 142.676, -47.8219, -41.2699, -307.95]
[314.51, 137.727, 24.4118, -222.272, 142.676, -47.8219, -41.2699, -307.95]
[314.537, 137.727, 24.4118, -222.299, 142.676, -47.8219, -41.2699, -307.95]
[315.409, 137.727, 24.4118, -222.299, 141.804, -47.8219, -41.2699, -307.95]
[315.409, 139.123, 23.0155, -222.299, 141.804, -47.8219, -41.2699, -307.95]
[315.566, 139.123, 23.0155, -222.299, 141.804, -47.8219, -41.4274, -307.95]
[315.566, 139.889, 23.0155, -222.299, 141.804, -48.5877, -41.4274, -307.95]
[315.712, 139.889, 23.0155, -222.299, 141.804, -48.7342, -41.4274, -307.95]
[315.739, 139.889, 23.0155, -222.325, 141.804, -48.7342, -41.4274, -307.95]
[316.581, 139.047, 23.0155, -222.325, 141.804, -48.7342, -41.4274, -307.95]
[316.581, 139.047, 23.0155, -222.325, 141.804, -48.3349, -41.4274, -308.35]
[316.581, 140.414, 21.6477, -222.325, 141.804, -48.3349, -41.4274, -308.35]
[316.737, 140.414, 21.6477, -222.325, 141.804, -48.3349, -41.5828, -308.35]
[316.763, 140.414, 21.6477, -222.351, 141.804, -48.3349, -41.5828, -308.35]
[316.763, 141.168, 21.6477, -222.351, 141.804, -49.0889, -41.5828, -308.35]
[317.612, 141.168, 21.6477, -222.351, 140.955, -49.0889, -41.5828, -308.35]
[317.612, 141.168, 21.6477, -222.499, 141.103, -49.0889, -41.5828, -308.35]
[318.45, 140.33, 21.6477, -222.499, 141.103, -49.0889, -41.5828, -308.35]
[318.45, 140.33, 21.6477, -222.499, 141.847, -49.8335, -41.5828, -308.35]
[318.476, 140.33, 21.6477, -222.524, 141.847, -49.8335, -41.5828, -308.35]
[318.476, 140.33, 21.6477, -220.818, 141.847, -49.8335, -41.5828, -310.056]
[318.476, 140.33, 21.6477, -221.696, 141.847, -48.9554, -41.5828, -310.056]
[318.476, 140.33, 22.11, -222.158, 141.847, -48.9554, -41.5828, -310.056]
[318.476, 141.675, 20.7649, -222.158, 141.847, -48.9554, -41.5828, -310.056]
[318.617, 141.675, 20.7649, -222.158, 141.847, -49.0972, -41.5828, -310.056]
[318.617, 141.822, 20.7649, -222.305, 141.847, -49.0972, -41.5828, -310.056]
[318.617, 142.562, 20.7649, -222.305, 141.847, -49.8371, -41.5828, -310.056]
[318.617, 142.562, 21.2284, -222.769, 141.847, -49.8371, -41.5828, -310.056]
[318.77, 142.562, 21.2284, -222.769, 141.847, -49.8371, -41.735, -310.056]
[318.77, 142.562, 21.2284, -222.769, 142.636, -49.8371, -42.5235, -310.056]
[319.61, 142.562, 21.2284, -222.769, 141.795, -49.8371, -42.5235, -310.056]
[319.61, 142.562, 21.2284, -223.632, 141.795, -48.9734, -42.5235, -310.056]
[319.61, 142.562, 21.2284, -223.777, 141.94, -48.9734, -42.5235, -310.056]
[319.886, 142.562, 20.9523, -223.777, 141.94, -48.9734, -42.5235, -310.056]
[319.886, 142.562, 20.9523, -223.921, 142.084, -48.9734, -42.5235, -310.056]
[319.886, 142.562, 20.9523, -224.065, 142.228, -48.9734, -42.5235, -310.056]
[320.718, 141.73, 20.9523, -224.065, 142.228, -48.9734, -42.5235, -310.056]
[320.718, 143.049, 19.6333, -224.065, 142.228, -48.9734, -42.5235, -310.056]
[320.718, 143.049, 19.6333, -224.209, 142.371, -48.9734, -42.5235, -310.056]
[320.866, 143.049, 19.6333, -224.209, 142.371, -48.9734, -42.6712, -310.056]
[320.866, 143.191, 19.6333, -224.351, 142.371, -48.9734, -42.6712, -310.056]
[320.866, 143.191, 19.6333, -225.152, 142.371, -48.9734, -41.8697, -310.056]
[320.866, 143.191, 19.6333, -225.294, 142.513, -48.9734, -41.8697, -310.056]
[320.876, 143.191, 19.6333, -225.294, 142.513, -48.9734, -41.8697, -310.067]
[320.876, 143.191, 20.089, -225.749, 142.513, -48.9734, -41.8697, -310.067]
[320.876, 143.191, 20.089, -226.536, 142.513, -48.9734, -41.0832, -310.067]
[320.876, 143.191, 20.089, -227.366, 142.513, -48.1431, -41.0832, -310.067]
[321.016, 143.191, 20.089, -227.366, 142.513, -48.2827, -41.0832, -310.067]
[321.016, 143.191, 20.089, -225.622, 142.513, -48.2827, -41.0832, -311.811]
[321.016, 143.191, 20.089, -225.763, 142.654, -48.2827, -41.0832, -311.811]
[321.016, 143.191, 20.089, -225.763, 143.441, -48.2827, -41.8707, -311.811]
[321.844, 142.363, 20.089, -225.763, 143.441, -48.2827, -41.8707, -311.811]
[322.669, 142.363, 20.089, -225.763, 142.617, -48.2827, -41.8707, -311.811]
[322.934, 142.363, 19.8237, -225.763, 142.617, -48.2827, -41.8707, -311.811]
[322.934, 142.363, 19.8237, -224.059, 142.617, -48.2827, -41.8707, -313.515]
[323.198, 142.363, 19.5598, -224.059, 142.617, -48.2827, -41.8707, -313.515]
[324.005, 141.555, 19.5598, -224.059, 142.617, -48.2827, -41.8707, -313.515]
[324.005, 141.555, 19.5598, -224.059, 143.357, -49.0227, -41.8707, -313.515]
[324.814, 141.555, 19.5598, -224.059, 142.548, -49.0227, -41.8707, -313.515]
[324.814, 141.555, 19.5598, -224.059, 143.284, -49.7584, -41.8707, -313.515]
[324.814, 141.555, 19.5598, -222.396, 143.284, -49.7584, -41.8707, -315.178]
[324.814, 141.555, 19.5598, -223.261, 143.284, -48.8925, -41.8707, -315.178]
[325.605, 140.765, 19.5598, -223.261, 143.284, -48.8925, -41.8707, -315.178]
[320.652, 145.717, 19.5598, -223.261, 143.284, -48.8925, -41.8707, -315.178]
[320.652, 145.717, 19.5598, -223.261, 144.016, -49.6244, -41.8707, -315.178]
[320.652, 145.717, 19.5598, -223.261, 144.738, -50.3469, -41.8707, -315.178]
[320.652, 145.717, 19.5598, -224.125, 144.738, -49.483, -41.8707, -315.178]
[320.652, 145.717, 19.5598, -224.977, 144.738, -48.6318, -41.8707, -315.178]
[321.494, 145.717, 19.5598, -224.977, 143.896, -48.6318, -41.8707, -315.178]
[321.518, 145.717, 19.5598, -225.001, 143.896, -48.6318, -41.8707, -315.178]
[321.666, 145.717, 19.5598, -225.001, 143.896, -48.6318, -42.0182, -315.178]
[322.508, 144.875, 19.5598, -225.001, 143.896, -48.6318, -42.0182, -315.178]
[322.508, 144.875, 19.5598, -225.001, 144.626, -49.3614, -42.0182, -315.178]
[322.508, 144.875, 19.5598, -225.001, 144.626, -48.986, -42.0182, -315.554]
[323.338, 144.045, 19.5598, -225.001, 144.626, -48.986, -42.0182, -315.554]
[323.482, 144.045, 19.5598, -225.001, 144.626, -48.986, -42.1629, -315.554]
[323.482, 145.327, 18.2781, -225.001, 144.626, -48.986, -42.1629, -315.554]
[323.482, 145.327, 18.2781, -223.35, 144.626, -48.986, -42.1629, -317.204]
[323.482, 146.584, 17.0217, -223.35, 144.626, -48.986, -42.1629, -317.204]
[323.482, 146.584, 17.0217, -223.491, 144.767, -48.986, -42.1629, -317.204]
[323.482, 146.584, 17.4962, -223.966, 144.767, -48.986, -42.1629, -317.204]
[323.482, 147.82, 16.2597, -223.966, 144.767, -48.986, -42.1629, -317.204]
[324.304, 147.82, 16.2597, -223.966, 143.945, -48.986, -42.1629, -317.204]
[324.328, 147.82, 16.2597, -223.99, 143.945, -48.986, -42.1629, -317.204]
[324.328, 147.956, 16.2597, -224.125, 143.945, -48.986, -42.1629, -317.204]
[324.328, 148.091, 16.2597, -224.261, 143.945, -48.986, -42.1629, -317.204]
[324.462, 148.091, 16.2597, -224.261, 143.945, -49.1199, -42.1629, -317.204]
[324.462, 148.091, 16.2597, -224.402, 144.086, -49.1199, -42.1629, -317.204]
[324.713, 148.091, 16.0083, -224.402, 144.086, -49.1199, -42.1629, -317.204]
[324.964, 148.091, 15.7581, -224.402, 144.086, -49.1199, -42.1629, -317.204]
[324.964, 148.091, 15.7581, -222.778, 144.086, -49.1199, -42.1629, -318.828]
[324.964, 148.229, 15.7581, -222.915, 144.086, -49.1199, -42.1629, -318.828]
[324.964, 148.229, 15.7581, -223.057, 144.228, -49.1199, -42.1629, -318.828]
[325.106, 148.229, 15.7581, -223.057, 144.228, -49.1199, -42.3051, -318.828]
[325.13, 148.229, 15.7581, -223.081, 144.228, -49.1199, -42.3051, -318.828]
[325.153, 148.229, 15.7581, -223.105, 144.228, -49.1199, -42.3051, -318.828]
[325.286, 148.229, 15.7581, -223.105, 144.228, -49.2525, -42.3051, -318.828]
[325.286, 148.229, 15.7581, -223.912, 144.228, -49.2525, -41.4975, -318.828]
[325.429, 148.229, 15.7581, -223.912, 144.228, -49.2525, -41.6403, -318.828]
[325.429, 148.229, 15.7581, -223.912, 145.001, -49.2525, -42.4133, -318.828]
[325.429, 149.433, 14.5541, -223.912, 145.001, -49.2525, -42.4133, -318.828]
[325.57, 149.433, 14.5541, -223.912, 145.001, -49.2525, -42.5546, -318.828]
[326.379, 149.433, 14.5541, -223.912, 144.192, -49.2525, -42.5546, -318.828]
[326.379, 149.433, 14.5541, -222.313, 144.192, -49.2525, -42.5546, -320.428]
[326.379, 150.614, 13.3728, -222.313, 144.192, -49.2525, -42.5546, -320.428]
[326.379, 151.298, 13.3728, -222.313, 144.192, -49.9366, -42.5546, -320.428]
[326.379, 151.298, 13.3728, -222.313, 139.179, -44.9237, -42.5546, -320.428]
[326.379, 151.298, 13.8688, -222.809, 139.179, -44.9237, -42.5546, -320.428]
[326.519, 151.298, 13.8688, -222.809, 139.179, -44.9237, -42.6943, -320.428]
[326.519, 151.431, 13.8688, -222.941, 139.179, -44.9237, -42.6943, -320.428]
[326.655, 151.431, 13.8688, -222.941, 139.179, -45.06, -42.6943, -320.428]
[326.655, 151.431, 13.8688, -227.104, 139.179, -45.06, -42.6943, -316.266]
[326.655, 151.431, 13.8688, -227.104, 139.979, -45.06, -43.4945, -316.266]
[326.791, 151.431, 13.8688, -227.104, 139.979, -45.196, -43.4945, -316.266]
[326.791, 151.431, 13.8688, -225.437, 139.979, -45.196, -43.4945, -317.933]
[326.791, 151.431, 13.8688, -225.437, 140.768, -45.196, -44.2837, -317.933]
[326.791, 151.431, 13.8688, -229.542, 140.768, -45.196, -44.2837, -313.828]
[326.791, 151.431, 13.8688, -230.319, 140.768, -45.196, -43.5066, -313.828]
[326.791, 151.431, 13.8688, -230.456, 140.905, -45.196, -43.5066, -313.828]
[327.564, 151.431, 13.8688, -230.456, 140.132, -45.196, -43.5066, -313.828]
[327.564, 151.431, 13.8688, -230.456, 140.92, -45.196, -44.2946, -313.828]
[327.564, 151.431, 13.8688, -231.233, 140.92, -44.4189, -44.2946, -313.828]
[327.564, 151.431, 13.8688, -231.233, 140.98, -44.4189, -44.2946, -313.888]
[328.333, 151.431, 13.8688, -231.233, 140.212, -44.4189, -44.2946, -313.888]
[328.333, 151.431, 13.8688, -229.488, 140.212, -44.4189, -44.2946, -315.633]
[328.333, 151.431, 13.8688, -227.785, 140.212, -44.4189, -44.2946, -317.335]
[328.333, 151.431, 13.8688, -227.926, 140.353, -44.4189, -44.2946, -317.335]
[328.333, 151.431, 13.8688, -228.067, 140.494, -44.4189, -44.2946, -317.335]
[328.354, 151.431, 13.8688, -228.089, 140.494, -44.4189, -44.2946, -317.335]
[328.354, 151.557, 13.8688, -228.215, 140.494, -44.4189, -44.2946, -317.335]
[328.354, 151.557, 14.3366, -228.683, 140.494, -44.4189, -44.2946, -317.335]
[329.19, 150.721, 14.3366, -228.683, 140.494, -44.4189, -44.2946, -317.335]
[329.19, 150.774, 14.3366, -228.683, 140.494, -44.4189, -44.2946, -317.388]
[329.19, 150.774, 14.3366, -228.683, 141.273, -45.1984, -44.2946, -317.388]
[329.19, 150.774, 14.3366, -228.683, 142.048, -45.1984, -45.0697, -317.388]
[329.212, 150.774, 14.3366, -228.704, 142.048, -45.1984, -45.0697, -317.388]
[329.448, 150.774, 14.1007, -228.704, 142.048, -45.1984, -45.0697, -317.388]
[329.448, 150.774, 14.1007, -228.841, 142.186, -45.1984, -45.0697, -317.388]
[329.448, 150.9, 14.1007, -228.967, 142.186, -45.1984, -45.0697, -317.388]
[329.448, 151.607, 14.1007, -228.967, 142.186, -45.9055, -45.0697, -317.388]
[330.276, 150.779, 14.1007, -228.967, 142.186, -45.9055, -45.0697, -317.388]
[330.276, 150.779, 14.1007, -229.759, 142.186, -45.1135, -45.0697, -317.388]
[330.297, 150.779, 14.1007, -229.78, 142.186, -45.1135, -45.0697, -317.388]
[330.318, 150.779, 14.1007, -229.802, 142.186, -45.1135, -45.0697, -317.388]
[330.318, 150.779, 14.1007, -229.802, 142.949, -45.8771, -45.0697, -317.388]
[330.318, 150.779, 14.1007, -230.582, 142.949, -45.8771, -44.289, -317.388]
[331.081, 150.779, 14.1007, -230.582, 142.186, -45.8771, -44.289, -317.388]
[331.081, 150.779, 14.1007, -228.887, 142.186, -45.8771, -44.289, -319.083]
[331.102, 150.779, 14.1007, -228.908, 142.186, -45.8771, -44.289, -319.083]
[331.102, 150.779, 14.1007, -229.69, 142.186, -45.8771, -43.5076, -319.083]
[331.102, 150.779, 14.1007, -229.69, 142.945, -46.6355, -43.5076, -319.083]
[331.102, 151.478, 14.1007, -229.69, 142.945, -47.3346, -43.5076, -319.083]
[331.102, 151.478, 14.1007, -229.69, 137.981, -47.3346, -38.5443, -319.083]
[331.102, 151.478, 14.1007, -229.69, 138.758, -48.1113, -38.5443, -319.083]
[331.102, 151.478, 14.1007, -230.492, 138.758, -47.3091, -38.5443, -319.083]
[331.333, 151.478, 13.8697, -230.492, 138.758, -47.3091, -38.5443, -319.083]
[331.333, 152.634, 12.7138, -230.492, 138.758, -47.3091, -38.5443, -319.083]
[331.472, 152.634, 12.7138, -230.492, 138.758, -47.3091, -38.6828, -319.083]
[331.472, 152.634, 13.1767, -230.955, 138.758, -47.3091, -38.6828, -319.083]
[331.472, 153.772, 12.0378, -230.955, 138.758, -47.3091, -38.6828, -319.083]
[331.472, 154.891, 10.9195, -230.955, 138.758, -47.3091, -38.6828, -319.083]
[331.472, 154.891, 11.3882, -231.424, 138.758, -47.3091, -38.6828, -319.083]
[331.472, 155.561, 11.3882, -231.424, 138.758, -47.9793, -38.6828, -319.083]
[331.472, 155.561, 11.3882, -235.472, 138.758, -47.9793, -38.6828, -315.035]
[331.472, 155.561, 11.3882, -235.472, 139.589, -47.9793, -39.5139, -315.035]
[331.609, 155.561, 11.3882, -235.472, 139.589, -47.9793, -39.6509, -315.035]
[331.609, 155.674, 11.3882, -235.584, 139.589, -47.9793, -39.6509, -315.035]
[331.609, 155.674, 11.3882, -233.8, 139.589, -47.9793, -39.6509, -316.819]
[331.833, 155.674, 11.1641, -233.8, 139.589, -47.9793, -39.6509, -316.819]
[331.833, 151.035, 15.8031, -233.8, 139.589, -47.9793, -39.6509, -316.819]
[331.969, 151.035, 15.8031, -233.8, 139.589, -47.9793, -39.7872, -316.819]
[332.7, 151.035, 15.8031, -233.8, 138.859, -47.9793, -39.7872, -316.819]
[332.835, 151.035, 15.8031, -233.8, 138.859, -47.9793, -39.9222, -316.819]
[332.835, 152.213, 14.6251, -233.8, 138.859, -47.9793, -39.9222, -316.819]
[332.835, 152.213, 15.0663, -234.241, 138.859, -47.9793, -39.9222, -316.819]
[333.064, 152.213, 14.837, -234.241, 138.859, -47.9793, -39.9222, -316.819]
[333.064, 152.213, 14.837, -229.227, 138.859, -47.9793, -44.9364, -316.819]
[333.064, 152.336, 14.837, -229.351, 138.859, -47.9793, -44.9364, -316.819]
[333.064, 152.336, 14.837, -230.155, 138.859, -47.1757, -44.9364, -316.819]
[333.872, 151.528, 14.837, -230.155, 138.859, -47.1757, -44.9364, -316.819]
[333.872, 151.528, 14.837, -230.294, 138.998, -47.1757, -44.9364, -316.819]
[333.996, 151.528, 14.837, -230.294, 138.998, -47.2999, -44.9364, -316.819]
[333.996, 151.528, 14.837, -230.294, 139.784, -47.2999, -45.7225, -316.819]
[333.996, 151.651, 14.837, -230.417, 139.784, -47.2999, -45.7225, -316.819]
[333.996, 151.774, 14.837, -230.54, 139.784, -47.2999, -45.7225, -316.819]
[333.996, 151.774, 14.837, -228.839, 139.784, -47.2999, -45.7225, -318.52]
[333.996, 152.463, 14.837, -228.839, 139.784, -47.9888, -45.7225, -318.52]
[333.996, 152.463, 14.837, -229.646, 139.784, -47.1815, -45.7225, -318.52]
[333.996, 152.463, 14.837, -229.785, 139.923, -47.1815, -45.7225, -318.52]
[334.12, 152.463, 14.837, -229.785, 139.923, -47.3055, -45.7225, -318.52]
[334.244, 152.463, 14.837, -229.785, 139.923, -47.4292, -45.7225, -318.52]
[334.244, 152.463, 14.837, -229.924, 140.062, -47.4292, -45.7225, -318.52]
[334.47, 152.463, 14.6112, -229.924, 140.062, -47.4292, -45.7225, -318.52]
[334.49, 152.463, 14.6112, -229.944, 140.062, -47.4292, -45.7225, -318.52]
[334.49, 152.463, 14.6112, -230.729, 140.062, -47.4292, -44.9384, -318.52]
[334.49, 30.8217, 136.253, -230.729, 140.062, -47.4292, -44.9384, -318.52]
[334.49, 30.8217, 137.04, -230.729, 140.062, -48.217, -44.9384, -318.52]
[334.49, 30.8217, 137.04, -231.502, 140.062, -48.217, -44.1648, -318.52]
[334.49, 30.8217, 137.04, -231.502, 140.819, -48.9741, -44.1648, -318.52]
[334.49, 29.349, 138.513, -231.502, 140.819, -48.9741, -44.1648, -318.52]
[334.49, 29.349, 138.513, -229.81, 140.819, -48.9741, -44.1648, -320.213]
[334.49, 29.349, 138.654, -229.95, 140.819, -48.9741, -44.1648, -320.213]
[334.49, 29.349, 138.654, -228.296, 140.819, -48.9741, -44.1648, -321.866]
[334.49, 29.349, 138.654, -228.296, 141.566, -49.7213, -44.1648, -321.866]
[334.49, 27.9099, 140.093, -228.296, 141.566, -49.7213, -44.1648, -321.866]
[334.49, 27.9099, 140.093, -229.081, 141.566, -49.7213, -43.38, -321.866]
[334.618, 27.9099, 140.093, -229.081, 141.566, -49.7213, -43.5081, -321.866]
[334.618, 27.9099, 140.093, -227.457, 141.566, -49.7213, -43.5081, -323.491]
[334.618, 27.9099, 140.093, -225.87, 141.566, -49.7213, -43.5081, -325.078]
[334.618, 27.9099, 140.093, -230.052, 141.566, -49.7213, -43.5081, -320.896]
[335.344, 27.9099, 140.093, -230.052, 140.84, -49.7213, -43.5081, -320.896]
[335.364, 27.9099, 140.093, -230.072, 140.84, -49.7213, -43.5081, -320.896]
[335.364, 27.9099, 140.231, -230.21, 140.84, -49.7213, -43.5081, -320.896]
[335.364, 27.9099, 140.369, -230.348, 140.84, -49.7213, -43.5081, -320.896]
[335.364, 27.9099, 140.369, -228.697, 140.84, -49.7213, -43.5081, -322.546]
[335.364, 27.9099, 141.114, -228.697, 140.84, -50.4665, -43.5081, -322.546]
[336.081, 27.9099, 141.114, -228.697, 140.123, -50.4665, -43.5081, -322.546]
[336.089, 27.9099, 141.114, -228.697, 140.123, -50.4665, -43.5081, -322.554]
[336.089, 27.9099, 141.114, -228.697, 135.133, -45.4761, -43.5081, -322.554]
[336.089, 27.9099, 141.114, -228.697, 135.942, -46.285, -43.5081, -322.554]
[336.803, 27.9099, 140.4, -228.697, 135.942, -46.285, -43.5081, -322.554]
[336.803, 28.319, 140.4, -229.106, 135.942, -46.285, -43.5081, -322.554]
[336.803, 28.319, 140.4, -233.222, 135.942, -46.285, -43.5081, -318.438]
[336.803, 28.319, 140.4, -237.241, 135.942, -46.285, -43.5081, -314.42]
[336.803, 28.319, 140.4, -237.375, 136.076, -46.285, -43.5081, -314.42]
[336.803, 28.319, 140.4, -237.375, 136.892, -46.285, -44.3242, -314.42]
[331.089, 28.319, 140.4, -231.661, 136.892, -46.285, -44.3242, -314.42]
[331.221, 28.319, 140.4, -231.661, 136.892, -46.285, -44.4554, -314.42]
[331.939, 28.319, 140.4, -231.661, 136.174, -46.285, -44.4554, -314.42]
[332.648, 28.319, 140.4, -231.661, 135.464, -46.285, -44.4554, -314.42]
[332.648, 28.319, 140.4, -231.661, 136.278, -46.285, -45.2691, -314.42]
[327.042, 28.319, 140.4, -231.661, 136.278, -40.6793, -45.2691, -314.42]
[327.81, 28.319, 139.632, -231.661, 136.278, -40.6793, -45.2691, -314.42]
[327.944, 28.319, 139.632, -231.661, 136.278, -40.6793, -45.4033, -314.42]
[327.944, 28.319, 139.632, -235.649, 136.278, -40.6793, -45.4033, -310.431]
[328.701, 28.319, 138.875, -235.649, 136.278, -40.6793, -45.4033, -310.431]
[328.701, 28.319, 139.007, -235.782, 136.278, -40.6793, -45.4033, -310.431]
[328.972, 28.0481, 139.007, -235.782, 136.278, -40.6793, -45.4033, -310.431]
[328.972, 28.0481, 139.007, -235.782, 137.113, -41.514, -45.4033, -310.431]
[328.972, 28.0481, 139.817, -235.782, 137.113, -42.3235, -45.4033, -310.431]
[329.109, 28.0481, 139.817, -235.782, 137.113, -42.4601, -45.4033, -310.431]
[329.378, 27.779, 139.817, -235.782, 137.113, -42.4601, -45.4033, -310.431]
[329.398, 27.779, 139.817, -235.802, 137.113, -42.4601, -45.4033, -310.431]
[329.398, 26.3691, 141.227, -235.802, 137.113, -42.4601, -45.4033, -310.431]
[329.534, 26.3691, 141.227, -235.802, 137.113, -42.5959, -45.4033, -310.431]
[329.534, 26.3691, 141.227, -236.527, 137.113, -41.8706, -45.4033, -310.431]
[329.534, 26.3691, 141.227, -234.674, 137.113, -41.8706, -45.4033, -312.284]
[323.938, 26.3691, 141.227, -234.674, 137.113, -36.2746, -45.4033, -312.284]
[323.938, 26.3691, 141.227, -238.6, 137.113, -36.2746, -45.4033, -308.358]
[323.938, 26.3691, 141.227, -238.6, 137.909, -36.2746, -46.199, -308.358]
[323.938, 26.3691, 141.227, -239.27, 137.909, -35.6051, -46.199, -308.358]
[323.938, 26.3691, 141.351, -239.394, 137.909, -35.6051, -46.199, -308.358]
[323.938, 26.3691, 141.351, -240.12, 137.909, -35.6051, -45.4737, -308.358]
[324.077, 26.3691, 141.351, -240.12, 137.909, -35.6051, -45.6128, -308.358]
[324.077, 26.3691, 141.351, -240.776, 137.909, -34.9485, -45.6128, -308.358]
[324.077, 26.3691, 141.351, -241.425, 137.909, -34.2995, -45.6128, -308.358]
[324.077, 26.3691, 142.195, -241.425, 137.909, -35.1435, -45.6128, -308.358]
[324.077, 26.7376, 142.195, -241.794, 137.909, -35.1435, -45.6128, -308.358]
[324.077, 27.1036, 142.195, -242.16, 137.909, -35.1435, -45.6128, -308.358]
[324.077, 27.4671, 142.195, -242.523, 137.909, -35.1435, -45.6128, -308.358]
[324.877, 27.4671, 141.395, -242.523, 137.909, -35.1435, -45.6128, -308.358]
[324.877, 27.4671, 141.395, -243.164, 137.909, -34.5033, -45.6128, -308.358]
[324.877, 27.4671, 141.395, -243.288, 138.033, -34.5033, -45.6128, -308.358]
[325.666, 27.4671, 140.606, -243.288, 138.033, -34.5033, -45.6128, -308.358]
[326.427, 27.4671, 140.606, -243.288, 137.271, -34.5033, -45.6128, -308.358]
[327.201, 27.4671, 139.833, -243.288, 137.271, -34.5033, -45.6128, -308.358]
[327.201, 27.4671, 139.833, -247.055, 137.271, -34.5033, -45.6128, -304.591]
[321.618, 27.4671, 139.833, -247.055, 137.271, -28.9208, -45.6128, -304.591]
[321.618, 27.4671, 139.833, -247.055, 138.186, -29.8352, -45.6128, -304.591]
[321.618, 27.4671, 139.833, -247.174, 138.305, -29.8352, -45.6128, -304.591]
[321.618, 27.4671, 139.833, -245.109, 138.305, -29.8352, -45.6128, -306.656]
[321.618, 27.4671, 139.833, -245.109, 139.091, -29.8352, -46.399, -306.656]
[321.618, 27.4671, 139.833, -245.109, 139.985, -30.7287, -46.399, -306.656]
[315.906, 27.4671, 139.833, -239.396, 139.985, -30.7287, -46.399, -306.656]
[315.906, 27.4671, 139.833, -240.123, 139.985, -30.7287, -45.6724, -306.656]
[316.079, 27.4671, 139.833, -240.123, 139.985, -30.9023, -45.6724, -306.656]
[316.079, 27.4671, 139.833, -240.123, 140.863, -31.7812, -45.6724, -306.656]
[311.186, 27.4671, 144.726, -240.123, 140.863, -31.7812, -45.6724, -306.656]
[311.186, 27.8364, 144.726, -240.492, 140.863, -31.7812, -45.6724, -306.656]
[311.186, 27.8364, 144.726, -234.883, 135.255, -31.7812, -45.6724, -306.656]
[311.186, 27.8364, 144.726, -235.021, 135.393, -31.7812, -45.6724, -306.656]
[311.186, 27.8364, 144.726, -235.021, 136.199, -31.7812, -46.4781, -306.656]
[311.186, 27.8364, 144.726, -229.426, 130.603, -31.7812, -46.4781, -306.656]
[311.186, 27.8364, 145.563, -229.426, 130.603, -32.619, -46.4781, -306.656]
[311.186, 27.8364, 145.563, -233.347, 130.603, -32.619, -46.4781, -302.735]
[311.186, 27.8364, 145.69, -233.473, 130.603, -32.619, -46.4781, -302.735]
[311.996, 27.8364, 145.69, -233.473, 129.794, -32.619, -46.4781, -302.735]
[311.996, 27.8364, 145.69, -233.621, 129.941, -32.619, -46.4781, -302.735]
[312.794, 27.8364, 145.69, -233.621, 129.142, -32.619, -46.4781, -302.735]
[312.794, 27.8364, 145.69, -233.621, 130.091, -33.5679, -46.4781, -302.735]
[312.794, 27.8364, 145.69, -233.621, 131.025, -34.5019, -46.4781, -302.735]
[312.794, 27.8364, 145.69, -234.31, 131.025, -33.8133, -46.4781, -302.735]
[312.794, 26.4874, 147.039, -234.31, 131.025, -33.8133, -46.4781, -302.735]
[312.794, 26.4874, 147.039, -235.07, 131.025, -33.8133, -45.7181, -302.735]
[312.818, 26.4874, 147.039, -235.094, 131.025, -33.8133, -45.7181, -302.735]
[313.619, 26.4874, 147.039, -235.094, 130.225, -33.8133, -45.7181, -302.735]
[313.619, 26.4874, 147.039, -229.506, 124.637, -33.8133, -45.7181, -302.735]
[313.619, 26.8988, 147.039, -229.917, 124.637, -33.8133, -45.7181, -302.735]
[314.371, 26.8988, 147.039, -229.917, 123.885, -33.8133, -45.7181, -302.735]
[314.371, 26.8988, 147.039, -233.783, 123.885, -33.8133, -45.7181, -298.869]
[314.371, 26.8988, 147.039, -233.939, 124.04, -33.8133, -45.7181, -298.869]
[314.678, 26.5926, 147.039, -233.939, 124.04, -33.8133, -45.7181, -298.869]
[314.678, 26.5926, 147.039, -234.622, 124.04, -33.1307, -45.7181, -298.869]
[314.678, 25.2702, 148.361, -234.622, 124.04, -33.1307, -45.7181, -298.869]
[314.678, 25.2702, 148.361, -238.378, 124.04, -33.1307, -45.7181, -295.112]
[314.7, 25.2702, 148.361, -238.401, 124.04, -33.1307, -45.7181, -295.112]
[314.7, 25.2702, 148.361, -236.326, 124.04, -33.1307, -45.7181, -297.187]
[314.7, 25.2702, 148.361, -236.326, 124.928, -33.1307, -46.6054, -297.187]
[314.7, 25.2702, 148.361, -236.991, 124.928, -32.4664, -46.6054, -297.187]
[314.7, 25.2702, 148.361, -236.991, 124.928, -32.4664, -46.1729, -297.62]
[314.7, 25.2702, 148.48, -237.11, 124.928, -32.4664, -46.1729, -297.62]
[314.873, 25.2702, 148.48, -237.11, 124.928, -32.6391, -46.1729, -297.62]
[314.873, 25.2702, 148.48, -237.11, 125.91, -33.6217, -46.1729, -297.62]
[315.786, 25.2702, 147.568, -237.11, 125.91, -33.6217, -46.1729, -297.62]
[315.786, 25.2702, 147.568, -235.085, 125.91, -33.6217, -46.1729, -299.644]
[315.786, 23.9666, 148.871, -235.085, 125.91, -33.6217, -46.1729, -299.644]
[315.786, 23.9666, 149.667, -235.085, 125.91, -34.4176, -46.1729, -299.644]
[315.786, 23.9666, 149.667, -238.846, 125.91, -34.4176, -46.1729, -295.884]
[315.786, 24.3527, 149.667, -239.232, 125.91, -34.4176, -46.1729, -295.884]
[315.786, 24.3527, 149.667, -239.232, 126.78, -34.4176, -47.0428, -295.884]
[315.786, 24.3527, 149.667, -239.232, 127.734, -35.371, -47.0428, -295.884]
[315.786, 24.3527, 149.667, -239.232, 128.584, -35.371, -47.8931, -295.884]
[316.081, 24.0577, 149.667, -239.232, 128.584, -35.371, -47.8931, -295.884]
[316.081, 24.0577, 149.667, -239.892, 128.584, -34.7105, -47.8931, -295.884]
[316.081, 24.4397, 149.667, -240.274, 128.584, -34.7105, -47.8931, -295.884]
[316.081, 23.1654, 150.942, -240.274, 128.584, -34.7105, -47.8931, -295.884]
[316.372, 22.8746, 150.942, -240.274, 128.584, -34.7105, -47.8931, -295.884]
[316.372, 23.2594, 150.942, -240.659, 128.584, -34.7105, -47.8931, -295.884]
[316.372, 23.2594, 150.942, -244.297, 128.584, -34.7105, -47.8931, -292.245]
[316.372, 23.2594, 151.05, -244.405, 128.584, -34.7105, -47.8931, -292.245]
[316.372, 23.2594, 151.05, -245.11, 128.584, -34.7105, -47.1885, -292.245]
[316.519, 23.2594, 151.05, -245.11, 128.584, -34.7105, -47.3358, -292.245]
[316.519, 23.2594, 146.091, -245.11, 128.584, -29.7519, -47.3358, -292.245]
[316.519, 23.2594, 146.091, -248.639, 128.584, -29.7519, -47.3358, -288.716]
[316.519, 21.9612, 147.389, -248.639, 128.584, -29.7519, -47.3358, -288.716]
[316.519, 21.9612, 147.389, -249.315, 128.584, -29.7519, -46.6603, -288.716]
[316.805, 21.6749, 147.389, -249.315, 128.584, -29.7519, -46.6603, -288.716]
[316.805, 21.6749, 147.389, -247.006, 128.584, -29.7519, -46.6603, -291.025]
[316.805, 22.0403, 147.389, -247.372, 128.584, -29.7519, -46.6603, -291.025]
[316.805, 22.0403, 148.223, -247.372, 128.584, -30.5852, -46.6603, -291.025]
[317.701, 22.0403, 147.326, -247.372, 128.584, -30.5852, -46.6603, -291.025]
[317.701, 22.0403, 147.326, -247.96, 128.584, -29.9966, -46.6603, -291.025]
[317.701, 22.0403, 147.326, -245.702, 128.584, -29.9966, -46.6603, -293.283]
[317.701, 22.0403, 142.426, -245.702, 128.584, -25.0962, -46.6603, -293.283]
[317.701, 22.0403, 142.426, -245.834, 128.717, -25.0962, -46.6603, -293.283]
[317.701, 22.0403, 143.33, -245.834, 128.717, -26.0004, -46.6603, -293.283]
[317.701, 22.4086, 143.33, -246.203, 128.717, -26.0004, -46.6603, -293.283]
[318.454, 22.4086, 143.33, -246.203, 127.964, -26.0004, -46.6603, -293.283]
[318.599, 22.4086, 143.33, -246.203, 127.964, -26.0004, -46.8053, -293.283]
[318.881, 22.1267, 143.33, -246.203, 127.964, -26.0004, -46.8053, -293.283]
[318.901, 22.1267, 143.33, -246.223, 127.964, -26.0004, -46.8053, -293.283]
[318.901, 22.1267, 143.33, -246.356, 128.097, -26.0004, -46.8053, -293.283]
[318.901, 22.1267, 143.33, -249.882, 128.097, -26.0004, -46.8053, -289.756]
[318.901, 22.1267, 143.33, -249.882, 129.108, -27.0115, -46.8053, -289.756]
[318.901, 22.1267, 143.33, -250.439, 129.108, -26.4543, -46.8053, -289.756]
[318.901, 22.1267, 143.33, -253.862, 129.108, -26.4543, -46.8053, -286.334]
[318.901, 20.812, 144.645, -253.862, 129.108, -26.4543, -46.8053, -286.334]
[318.901, 20.812, 144.645, -251.457, 129.108, -26.4543, -46.8053, -288.739]
[319.178, 20.5351, 144.645, -251.457, 129.108, -26.4543, -46.8053, -288.739]
[319.178, 20.8894, 144.645, -251.811, 129.108, -26.4543, -46.8053, -288.739]
[319.178, 20.8894, 144.645, -249.468, 129.108, -26.4543, -46.8053, -291.082]
[319.178, 20.8894, 145.522, -249.468, 129.108, -27.3316, -46.8053, -291.082]
[319.178, 20.8894, 146.386, -249.468, 129.108, -28.1959, -46.8053, -291.082]
[319.178, 20.8894, 146.386, -249.596, 129.235, -28.1959, -46.8053, -291.082]
[319.178, 20.8894, 146.386, -247.316, 129.235, -28.1959, -46.8053, -293.362]
[319.454, 20.6131, 146.386, -247.316, 129.235, -28.1959, -46.8053, -293.362]
[319.454, 20.6131, 146.386, -247.316, 130.219, -29.1796, -46.8053, -293.362]
[319.454, 19.3442, 147.655, -247.316, 130.219, -29.1796, -46.8053, -293.362]
[319.454, 19.3442, 148.491, -247.316, 130.219, -30.0151, -46.8053, -293.362]
[319.454, 19.5849, 148.491, -247.316, 130.219, -30.0151, -46.8053, -293.603]
[319.474, 19.5849, 148.491, -247.335, 130.219, -30.0151, -46.8053, -293.603]
[319.493, 19.5849, 148.491, -247.355, 130.219, -30.0151, -46.8053, -293.603]
[319.493, 19.5849, 148.491, -245.14, 130.219, -30.0151, -46.8053, -295.818]
[320.244, 19.5849, 148.491, -245.14, 129.468, -30.0151, -46.8053, -295.818]
[320.264, 19.5849, 148.491, -245.16, 129.468, -30.0151, -46.8053, -295.818]
[320.264, 19.5849, 148.491, -245.292, 129.601, -30.0151, -46.8053, -295.818]
[320.264, 19.9637, 148.491, -245.671, 129.601, -30.0151, -46.8053, -295.818]
[320.264, 19.9637, 148.491, -249.241, 129.601, -30.0151, -46.8053, -292.247]
[320.283, 19.9637, 148.491, -249.26, 129.601, -30.0151, -46.8053, -292.247]
[314.822, 25.4251, 148.491, -249.26, 129.601, -30.0151, -46.8053, -292.247]
[314.822, 25.7705, 148.491, -249.606, 129.601, -30.0151, -46.8053, -292.247]
[314.822, 25.7705, 148.491, -247.342, 129.601, -30.0151, -46.8053, -294.512]
[314.822, 25.7705, 148.491, -250.872, 129.601, -30.0151, -46.8053, -290.982]
[314.822, 25.7705, 148.491, -250.872, 130.567, -30.9811, -46.8053, -290.982]
[314.972, 25.7705, 148.491, -250.872, 130.567, -30.9811, -46.9554, -290.982]
[314.972, 25.7705, 148.491, -251.532, 130.567, -30.9811, -46.2953, -290.982]
[315.147, 25.7705, 148.491, -251.532, 130.567, -31.1559, -46.2953, -290.982]
[315.321, 25.7705, 148.491, -251.532, 130.567, -31.33, -46.2953, -290.982]
[315.321, 26.1076, 148.491, -251.869, 130.567, -31.33, -46.2953, -290.982]
[315.321, 26.1076, 148.491, -255.288, 130.567, -31.33, -46.2953, -287.562]
[315.321, 26.1076, 148.491, -252.881, 130.567, -31.33, -46.2953, -289.97]
[315.321, 26.4393, 148.491, -253.212, 130.567, -31.33, -46.2953, -289.97]
[315.321, 26.4393, 148.491, -253.212, 131.402, -31.33, -47.1306, -289.97]
[309.762, 26.4393, 148.491, -253.212, 131.402, -25.7712, -47.1306, -289.97]
[309.919, 26.4393, 148.491, -253.212, 131.402, -25.7712, -47.2877, -289.97]
[309.919, 26.4393, 149.345, -253.212, 131.402, -26.6252, -47.2877, -289.97]
[309.919, 24.9529, 149.345, -253.212, 132.888, -26.6252, -47.2877, -289.97]
[309.919, 24.9529, 146.243, -253.212, 135.99, -26.6252, -47.2877, -289.97]
[309.919, 24.9529, 146.243, -250.867, 135.99, -26.6252, -47.2877, -292.315]
[309.919, 24.9529, 146.349, -250.973, 135.99, -26.6252, -47.2877, -292.315]
[309.919, 24.9529, 146.349, -248.691, 135.99, -26.6252, -47.2877, -294.597]
[309.919, 24.9529, 146.349, -252.204, 135.99, -26.6252, -47.2877, -291.084]
[309.919, 24.9529, 146.349, -252.32, 136.106, -26.6252, -47.2877, -291.084]
[309.919, 24.9529, 146.349, -252.863, 136.106, -26.082, -47.2877, -291.084]
[309.919, 23.6402, 147.662, -252.863, 136.106, -26.082, -47.2877, -291.084]
[309.919, 23.6402, 147.662, -256.27, 136.106, -26.082, -47.2877, -287.677]
[310.112, 23.6402, 147.662, -256.27, 136.106, -26.2745, -47.2877, -287.677]
[310.112, 23.9691, 147.662, -256.599, 136.106, -26.2745, -47.2877, -287.677]
[310.112, 24.2123, 147.662, -256.599, 136.106, -26.2745, -47.2877, -287.92]
[310.112, 24.2123, 142.029, -250.966, 136.106, -26.2745, -47.2877, -287.92]
[310.112, 24.2123, 142.029, -250.966, 136.895, -26.2745, -48.0775, -287.92]
[310.112, 22.8093, 142.029, -250.966, 138.298, -26.2745, -48.0775, -287.92]
[310.112, 22.8093, 142.029, -250.966, 139.068, -26.2745, -48.8472, -287.92]
[310.112, 23.0547, 142.029, -250.966, 139.068, -26.2745, -48.8472, -288.165]
[310.112, 23.0547, 142.029, -251.514, 139.068, -25.7264, -48.8472, -288.165]
[310.112, 23.0547, 142.029, -252.181, 139.068, -25.7264, -48.1797, -288.165]
[310.112, 23.0547, 139.12, -252.181, 141.977, -25.7264, -48.1797, -288.165]
[310.112, 23.0547, 139.12, -252.181, 136.989, -25.7264, -43.1921, -288.165]
[310.112, 23.0547, 139.12, -249.825, 136.989, -25.7264, -43.1921, -290.521]
[310.112, 23.0547, 140.045, -249.825, 136.989, -26.6511, -43.1921, -290.521]
[310.112, 23.0547, 140.045, -253.267, 136.989, -26.6511, -43.1921, -287.08]
[310.112, 23.0547, 140.045, -253.267, 137.801, -26.6511, -44.004, -287.08]
[310.132, 23.0547, 140.045, -253.287, 137.801, -26.6511, -44.004, -287.08]
[310.132, 21.6969, 141.403, -253.287, 137.801, -26.6511, -44.004, -287.08]
[310.132, 21.6969, 142.303, -253.287, 137.801, -27.5512, -44.004, -287.08]
[310.132, 22.0414, 142.303, -253.632, 137.801, -27.5512, -44.004, -287.08]
[310.132, 22.0414, 142.303, -256.973, 137.801, -27.5512, -44.004, -283.739]
[310.132, 22.0414, 142.303, -256.973, 138.722, -28.4721, -44.004, -283.739]
[310.32, 22.0414, 142.303, -256.973, 138.722, -28.6597, -44.004, -283.739]
[310.32, 22.0414, 142.303, -256.973, 139.516, -28.6597, -44.7983, -283.739]
[310.32, 22.0414, 139.397, -256.973, 142.422, -28.6597, -44.7983, -283.739]
[310.32, 22.0414, 139.397, -257.586, 142.422, -28.6597, -44.1849, -283.739]
[310.32, 22.0414, 136.574, -257.586, 145.245, -28.6597, -44.1849, -283.739]
[310.32, 20.6579, 137.957, -257.586, 145.245, -28.6597, -44.1849, -283.739]
[310.32, 20.6579, 137.957, -257.586, 146.102, -29.5163, -44.1849, -283.739]
[310.32, 20.6579, 137.957, -257.586, 146.946, -30.3605, -44.1849, -283.739]
[310.339, 20.6579, 137.957, -257.606, 146.946, -30.3605, -44.1849, -283.739]
[310.339, 20.6579, 137.957, -258.212, 146.946, -30.3605, -43.5784, -283.739]
[310.339, 20.6579, 137.957, -261.442, 146.946, -30.3605, -43.5784, -280.509]
[310.339, 20.6579, 137.957, -261.537, 147.041, -30.3605, -43.5784, -280.509]
[310.339, 19.3949, 137.957, -261.537, 148.304, -30.3605, -43.5784, -280.509]
[310.339, 19.3949, 137.957, -261.537, 149.038, -30.3605, -44.3121, -280.509]
[310.339, 19.3949, 137.957, -264.675, 149.038, -30.3605, -44.3121, -277.371]
[311.292, 19.3949, 137.957, -264.675, 148.085, -30.3605, -44.3121, -277.371]
[312.229, 19.3949, 137.957, -264.675, 147.148, -30.3605, -44.3121, -277.371]
[312.41, 19.3949, 137.957, -264.675, 147.148, -30.5411, -44.3121, -277.371]
[312.41, 18.0533, 139.299, -264.675, 147.148, -30.5411, -44.3121, -277.371]
[312.41, 22.4715, 134.881, -264.675, 147.148, -30.5411, -44.3121, -277.371]
[312.41, 22.4715, 135.801, -264.675, 147.148, -31.4614, -44.3121, -277.371]
[312.41, 22.4715, 135.801, -264.675, 147.97, -32.2843, -44.3121, -277.371]
[312.41, 22.4715, 135.801, -264.766, 148.061, -32.2843, -44.3121, -277.371]
[312.567, 22.4715, 135.801, -264.766, 148.061, -32.2843, -44.4695, -277.371]
[312.567, 22.4715, 135.801, -267.812, 148.061, -32.2843, -44.4695, -274.325]
[312.584, 22.4715, 135.801, -267.83, 148.061, -32.2843, -44.4695, -274.325]
[312.584, 21.2007, 135.801, -267.83, 149.332, -32.2843, -44.4695, -274.325]
[312.584, 21.2007, 135.801, -270.789, 149.332, -32.2843, -44.4695, -271.365]
[312.584, 19.9549, 135.801, -270.789, 150.578, -32.2843, -44.4695, -271.365]
[312.584, 19.9549, 135.801, -271.329, 150.578, -32.2843, -43.9294, -271.365]
[312.584, 19.9549, 135.801, -271.81, 150.578, -31.8033, -43.9294, -271.365]
[312.584, 19.9549, 135.801, -272.287, 150.578, -31.3266, -43.9294, -271.365]
[312.584, 19.9549, 135.896, -272.382, 150.578, -31.3266, -43.9294, -271.365]
[312.584, 19.9549, 135.896, -272.382, 151.378, -32.1265, -43.9294, -271.365]
[312.584, 19.9549, 135.896, -272.382, 146.358, -32.1265, -38.909, -271.365]
[312.584, 19.9549, 135.896, -272.382, 147.181, -32.9503, -38.909, -271.365]
[312.584, 18.7002, 135.896, -272.382, 148.436, -32.9503, -38.909, -271.365]
[312.584, 17.3445, 137.252, -272.382, 148.436, -32.9503, -38.909, -271.365]
[312.584, 17.3445, 137.252, -272.861, 148.436, -32.471, -38.909, -271.365]
[312.75, 17.3445, 137.252, -272.861, 148.436, -32.471, -39.0746, -271.365]
[185.138, 17.3445, 137.252, -272.861, 276.049, -32.471, -39.0746, -271.365]
[185.196, 17.3445, 137.252, -272.919, 276.049, -32.471, -39.0746, -271.365]
[185.196, 16.0166, 138.58, -272.919, 276.049, -32.471, -39.0746, -271.365]
[185.196, 16.0166, 138.58, -272.943, 276.072, -32.471, -39.0746, -271.365]
[185.196, 14.7157, 139.881, -272.943, 276.072, -32.471, -39.0746, -271.365]
[185.254, 14.7157, 139.881, -273.001, 276.072, -32.471, -39.0746, -271.365]
[185.837, 14.7157, 139.881, -273.001, 276.072, -33.0547, -39.0746, -271.365]
[186.415, 14.7157, 139.881, -273.001, 276.072, -33.6322, -39.0746, -271.365]
[186.987, 14.7157, 139.881, -273.001, 276.072, -34.2038, -39.0746, -271.365]
[186.987, 13.4407, 141.156, -273.001, 276.072, -34.2038, -39.0746, -271.365]
[181.311, 13.4407, 141.156, -267.326, 276.072, -34.2038, -39.0746, -271.365]
[181.311, 13.4407, 141.156, -267.326, 276.307, -34.2038, -39.3098, -271.365]
[181.906, 13.4407, 141.156, -267.326, 276.307, -34.7991, -39.3098, -271.365]
[181.906, 13.4407, 141.156, -262.104, 276.307, -40.021, -39.3098, -271.365]
[181.906, 13.4407, 141.156, -262.665, 276.307, -39.4599, -39.3098, -271.365]
[181.906, 13.4407, 141.156, -259.923, 276.307, -39.4599, -39.3098, -274.107]
[181.906, 13.4407, 141.156, -262.992, 276.307, -39.4599, -39.3098, -271.038]
[181.973, 13.4407, 141.156, -263.059, 276.307, -39.4599, -39.3098, -271.038]
[181.973, 13.7803, 141.156, -263.398, 276.307, -39.4599, -39.3098, -271.038]
[181.973, 13.7803, 141.254, -263.497, 276.307, -39.4599, -39.3098, -271.038]
[182.538, 13.7803, 141.254, -263.497, 276.307, -39.4599, -39.8751, -271.038]
[182.538, 13.7803, 141.254, -264.05, 276.307, -39.4599, -39.3217, -271.038]
[182.538, 13.7803, 141.254, -264.076, 276.333, -39.4599, -39.3217, -271.038]
[182.603, 13.7803, 141.254, -264.141, 276.333, -39.4599, -39.3217, -271.038]
[182.603, 13.7803, 141.254, -264.689, 276.333, -39.4599, -38.7742, -271.038]
[182.603, 13.7803, 141.254, -265.234, 276.333, -38.9144, -38.7742, -271.038]
[182.603, 12.5281, 142.506, -265.234, 276.333, -38.9144, -38.7742, -271.038]
[182.603, 12.5281, 142.506, -268.183, 276.333, -38.9144, -38.7742, -268.089]
[182.603, 12.5281, 142.506, -268.709, 276.333, -38.9144, -38.249, -268.089]
[182.665, 12.5281, 142.506, -268.771, 276.333, -38.9144, -38.249, -268.089]
[182.665, 12.5281, 142.506, -269.294, 276.333, -38.3914, -38.249, -268.089]
[182.665, 12.5281, 141.315, -269.294, 277.524, -38.3914, -38.249, -268.089]
[182.665, 17.8822, 141.315, -269.294, 272.17, -38.3914, -38.249, -268.089]
[183.232, 17.8822, 141.315, -269.294, 272.17, -38.9578, -38.249, -268.089]
[183.232, 17.8822, 142.127, -269.294, 272.17, -39.769, -38.249, -268.089]
[183.232, 17.8822, 142.127, -269.294, 272.413, -40.0116, -38.249, -268.089]
[183.232, 17.8822, 142.127, -269.82, 272.413, -39.4858, -38.249, -268.089]
[183.232, 17.8822, 142.929, -269.82, 272.413, -40.2878, -38.249, -268.089]
[183.232, 17.8822, 143.719, -269.82, 272.413, -41.0787, -38.249, -268.089]
[183.232, 17.8822, 143.719, -272.661, 272.413, -41.0787, -38.249, -265.247]
[183.796, 17.8822, 143.719, -272.661, 272.413, -41.0787, -38.8132, -265.247]
[183.796, 17.8822, 143.807, -272.749, 272.413, -41.0787, -38.8132, -265.247]
[183.796, 17.8822, 143.807, -269.775, 272.413, -41.0787, -38.8132, -268.221]
[184.343, 17.8822, 143.807, -269.775, 272.413, -41.6259, -38.8132, -268.221]
[184.404, 17.8822, 143.807, -269.835, 272.413, -41.6259, -38.8132, -268.221]
[184.404, 17.8822, 142.566, -269.835, 273.654, -41.6259, -38.8132, -268.221]
[182.738, 17.8822, 142.566, -269.835, 275.32, -41.6259, -38.8132, -268.221]
[182.738, 17.8822, 142.566, -269.835, 275.551, -41.8571, -38.8132, -268.221]
[182.738, 17.8822, 142.566, -269.835, 275.781, -42.0873, -38.8132, -268.221]
[182.738, 17.8822, 142.566, -269.835, 276.01, -42.3165, -38.8132, -268.221]
[182.738, 17.4789, 142.566, -269.835, 276.414, -42.3165, -38.8132, -268.221]
[182.738, 17.4789, 142.657, -269.927, 276.414, -42.3165, -38.8132, -268.221]
[182.738, 17.4789, 142.657, -272.769, 276.414, -42.3165, -38.8132, -265.379]
[182.738, 17.4789, 141.465, -272.769, 277.605, -42.3165, -38.8132, -265.379]
[182.738, 16.1922, 142.752, -272.769, 277.605, -42.3165, -38.8132, -265.379]
[183.284, 16.1922, 142.752, -272.769, 277.605, -42.8628, -38.8132, -265.379]
[187.41, 16.1922, 142.752, -272.769, 273.479, -42.8628, -38.8132, -265.379]
[187.41, 21.5182, 142.752, -272.769, 268.153, -42.8628, -38.8132, -265.379]
[187.41, 21.5182, 142.752, -275.529, 268.153, -42.8628, -38.8132, -262.619]
[187.41, 21.5182, 142.752, -275.554, 268.178, -42.8628, -38.8132, -262.619]
[187.41, 21.5182, 142.752, -276.063, 268.178, -42.3531, -38.8132, -262.619]
[187.41, 21.7964, 142.752, -276.342, 268.178, -42.3531, -38.8132, -262.619]
[187.41, 21.7964, 142.752, -276.342, 262.692, -36.8665, -38.8132, -262.619]
[187.41, 21.7964, 142.838, -276.427, 262.692, -36.8665, -38.8132, -262.619]
[187.41, 21.7964, 142.923, -276.512, 262.692, -36.8665, -38.8132, -262.619]
[187.41, 21.7964, 142.923, -276.999, 262.692, -36.8665, -38.3263, -262.619]
[187.41, 21.7964, 142.923, -277.025, 262.718, -36.8665, -38.3263, -262.619]
[187.41, 20.481, 144.238, -277.025, 262.718, -36.8665, -38.3263, -262.619]
[187.41, 20.481, 144.238, -277.025, 262.987, -36.8665, -38.5955, -262.619]
[187.41, 20.481, 144.238, -277.051, 263.013, -36.8665, -38.5955, -262.619]
[187.41, 20.481, 142.899, -277.051, 264.352, -36.8665, -38.5955, -262.619]
[187.41, 20.481, 142.899, -279.711, 264.352, -36.8665, -38.5955, -259.959]
[187.952, 20.481, 142.899, -279.711, 264.352, -36.8665, -39.1371, -259.959]
[187.952, 20.481, 142.981, -279.793, 264.352, -36.8665, -39.1371, -259.959]
[187.952, 20.481, 142.981, -279.793, 264.615, -36.8665, -39.4001, -259.959]
[187.952, 20.481, 141.671, -279.793, 265.925, -36.8665, -39.4001, -259.959]
[188.487, 20.481, 141.671, -279.793, 265.925, -36.8665, -39.9352, -259.959]
[188.487, 20.481, 141.671, -276.644, 265.925, -36.8665, -39.9352, -263.108]
[186.678, 20.481, 141.671, -276.644, 267.734, -36.8665, -39.9352, -263.108]
[186.678, 20.481, 141.671, -276.668, 267.759, -36.8665, -39.9352, -263.108]
[186.678, 20.481, 141.671, -276.668, 268.011, -36.8665, -40.1878, -263.108]
[186.678, 20.481, 140.408, -276.668, 269.275, -36.8665, -40.1878, -263.108]
[186.678, 20.481, 140.408, -277.146, 269.275, -36.3888, -40.1878, -263.108]
[186.733, 20.481, 140.408, -277.201, 269.275, -36.3888, -40.1878, -263.108]
[186.733, 20.0412, 140.408, -277.201, 269.714, -36.3888, -40.1878, -263.108]
[186.733, 20.0412, 140.408, -274.133, 269.714, -36.3888, -40.1878, -266.176]
[186.789, 20.0412, 140.408, -274.19, 269.714, -36.3888, -40.1878, -266.176]
[186.789, 20.0412, 140.408, -274.215, 269.739, -36.3888, -40.1878, -266.176]
[186.789, 19.6052, 140.408, -274.215, 270.175, -36.3888, -40.1878, -266.176]
[186.789, 19.6052, 140.408, -274.239, 270.2, -36.3888, -40.1878, -266.176]
[186.789, 19.6052, 139.178, -274.239, 271.43, -36.3888, -40.1878, -266.176]
[185.069, 19.6052, 139.178, -274.239, 273.151, -36.3888, -40.1878, -266.176]
[185.069, 19.6052, 137.988, -274.239, 274.34, -36.3888, -40.1878, -266.176]
[185.069, 19.6052, 137.988, -276.99, 274.34, -36.3888, -40.1878, -263.426]
[185.069, 19.6052, 136.821, -276.99, 275.508, -36.3888, -40.1878, -263.426]
[185.069, 19.6052, 136.821, -276.99, 275.742, -36.3888, -40.4218, -263.426]
[185.069, 19.6052, 136.821, -277.464, 275.742, -35.9147, -40.4218, -263.426]
[185.069, 19.6052, 137.686, -277.464, 275.742, -36.7799, -40.4218, -263.426]
[185.069, 19.6052, 137.686, -277.954, 275.742, -36.7799, -39.9319, -263.426]
[185.069, 19.6052, 137.686, -277.954, 275.976, -36.7799, -40.1659, -263.426]
[185.069, 19.8834, 137.686, -278.232, 275.976, -36.7799, -40.1659, -263.426]
[183.422, 19.8834, 137.686, -278.232, 277.622, -36.7799, -40.1659, -263.426]
[183.422, 19.8834, 137.686, -278.232, 277.859, -37.0168, -40.1659, -263.426]
[183.422, 20.1602, 137.686, -278.509, 277.859, -37.0168, -40.1659, -263.426]
[183.422, 20.1602, 137.686, -278.993, 277.859, -37.0168, -39.6818, -263.426]
[183.422, 20.1602, 137.686, -275.904, 277.859, -37.0168, -39.6818, -266.514]
[183.422, 20.1602, 137.686, -272.904, 277.859, -37.0168, -39.6818, -269.515]
[183.422, 20.1602, 137.686, -272.904, 278.095, -37.2526, -39.6818, -269.515]
[183.422, 20.1602, 137.686, -272.904, 278.33, -37.4874, -39.6818, -269.515]
[183.422, 19.7571, 137.686, -272.904, 278.733, -37.4874, -39.6818, -269.515]
[183.422, 19.7571, 137.686, -275.721, 278.733, -37.4874, -39.6818, -266.697]
[183.422, 19.7571, 137.686, -275.721, 278.961, -37.4874, -39.9098, -266.697]
[183.422, 19.3578, 137.686, -275.721, 279.36, -37.4874, -39.9098, -266.697]
[183.422, 19.3578, 137.686, -275.743, 279.382, -37.4874, -39.9098, -266.697]
[183.422, 18.0138, 139.03, -275.743, 279.382, -37.4874, -39.9098, -266.697]
[183.977, 18.0138, 139.03, -275.743, 279.382, -37.4874, -40.4647, -266.697]
[183.977, 18.0138, 139.03, -275.743, 279.614, -37.7187, -40.4647, -266.697]
[183.977, 18.0138, 139.03, -275.743, 279.614, -37.7187, -39.9242, -267.238]
[183.977, 18.0138, 139.03, -272.755, 279.614, -37.7187, -39.9242, -270.226]
[183.977, 18.0138, 139.03, -272.778, 279.636, -37.7187, -39.9242, -270.226]
[183.977, 18.0138, 139.03, -273.277, 279.636, -37.2199, -39.9242, -270.226]
[183.977, 18.0138, 139.121, -273.368, 279.636, -37.2199, -39.9242, -270.226]
[183.977, 18.3088, 139.121, -273.663, 279.636, -37.2199, -39.9242, -270.226]
[183.977, 18.6023, 139.121, -273.957, 279.636, -37.2199, -39.9242, -270.226]
[183.977, 18.8941, 139.121, -274.249, 279.636, -37.2199, -39.9242, -270.226]
[183.977, 20.9766, 139.121, -274.249, 279.636, -39.3024, -39.9242, -270.226]
[183.977, 20.9766, 139.121, -277.057, 279.636, -39.3024, -39.9242, -267.417]
[183.977, 20.9766, 139.121, -277.057, 279.863, -39.5292, -39.9242, -267.417]
[178.301, 20.9766, 139.121, -271.381, 279.863, -39.5292, -39.9242, -267.417]
[178.301, 20.9766, 139.121, -271.381, 280.089, -39.7551, -39.9242, -267.417]
[178.301, 22.9982, 139.121, -271.381, 280.089, -41.7767, -39.9242, -267.417]
[178.301, 22.9982, 139.121, -271.905, 280.089, -41.2525, -39.9242, -267.417]
[178.301, 22.9982, 139.121, -274.707, 280.089, -41.2525, -39.9242, -264.616]
[178.301, 22.9982, 139.121, -274.73, 280.111, -41.2525, -39.9242, -264.616]
[178.301, 22.9982, 139.121, -274.73, 280.336, -41.2525, -40.1486, -264.616]
[178.301, 22.9982, 139.932, -274.73, 280.336, -42.063, -40.1486, -264.616]
[178.301, 22.592, 139.932, -274.73, 280.742, -42.063, -40.1486, -264.616]
[178.301, 24.5626, 139.932, -274.73, 280.742, -44.0337, -40.1486, -264.616]
[178.301, 24.5626, 139.932, -271.719, 280.742, -44.0337, -40.1486, -267.627]
[178.881, 24.5626, 139.932, -271.719, 280.742, -44.0337, -40.7285, -267.627]
[178.881, 24.5626, 140.718, -271.719, 280.742, -44.8195, -40.7285, -267.627]
[178.881, 26.4725, 140.718, -271.719, 280.742, -46.7295, -40.7285, -267.627]
[178.881, 25.086, 142.104, -271.719, 280.742, -46.7295, -40.7285, -267.627]
[178.881, 25.086, 142.104, -272.265, 280.742, -46.1828, -40.7285, -267.627]
[178.881, 25.3648, 142.104, -272.544, 280.742, -46.1828, -40.7285, -267.627]
[178.881, 25.3648, 140.958, -272.544, 281.888, -46.1828, -40.7285, -267.627]
[179.427, 25.3648, 140.958, -272.544, 281.888, -46.7291, -40.7285, -267.627]
[179.427, 25.3648, 140.958, -275.34, 281.888, -46.7291, -40.7285, -264.831]
[179.427, 25.3648, 141.719, -275.34, 281.888, -47.4901, -40.7285, -264.831]
[179.965, 25.3648, 141.719, -275.34, 281.888, -48.0273, -40.7285, -264.831]
[179.965, 25.3648, 141.719, -275.34, 282.092, -48.2313, -40.7285, -264.831]
[179.965, 25.3648, 140.588, -275.34, 283.223, -48.2313, -40.7285, -264.831]
[179.965, 25.3648, 140.588, -275.841, 283.223, -48.2313, -40.2276, -264.831]
[179.965, 24.9605, 140.588, -275.841, 283.627, -48.2313, -40.2276, -264.831]
[179.965, 24.9605, 140.588, -275.841, 283.828, -48.4316, -40.2276, -264.831]
[179.965, 24.9605, 140.588, -275.841, 284.044, -48.4316, -40.4435, -264.831]
[179.965, 23.5885, 141.96, -275.841, 284.044, -48.4316, -40.4435, -264.831]
[179.965, 23.5885, 141.96, -278.549, 284.044, -48.4316, -40.4435, -262.122]
[179.965, 23.8549, 141.96, -278.816, 284.044, -48.4316, -40.4435, -262.122]
[179.965, 23.8549, 142.044, -278.9, 284.044, -48.4316, -40.4435, -262.122]
[179.965, 23.8549, 142.044, -278.92, 284.064, -48.4316, -40.4435, -262.122]
[179.965, 23.8549, 142.044, -278.941, 284.085, -48.4316, -40.4435, -262.122]
[179.965, 23.8549, 142.143, -278.941, 284.085, -48.4316, -40.4435, -262.221]
[180.022, 23.8549, 142.143, -278.998, 284.085, -48.4316, -40.4435, -262.221]
[180.022, 23.8549, 142.143, -281.625, 284.085, -48.4316, -40.4435, -259.595]
[180.022, 23.8549, 142.143, -281.625, 284.085, -51.1834, -37.6917, -259.595]
[180.022, 23.8549, 142.225, -281.706, 284.085, -51.1834, -37.6917, -259.595]
[180.022, 24.1127, 142.225, -281.964, 284.085, -51.1834, -37.6917, -259.595]
[180.078, 24.1127, 142.225, -282.02, 284.085, -51.1834, -37.6917, -259.595]
[180.078, 24.1127, 141.108, -282.02, 285.202, -51.1834, -37.6917, -259.595]
[180.078, 25.9481, 141.108, -282.02, 285.202, -53.0188, -37.6917, -259.595]
[180.078, 25.9481, 141.827, -282.02, 285.202, -53.7383, -37.6917, -259.595]
[180.078, 27.7292, 141.827, -282.02, 285.202, -55.5194, -37.6917, -259.595]
[180.575, 27.7292, 141.827, -282.02, 285.202, -56.0157, -37.6917, -259.595]
[180.575, 27.7292, 141.827, -282.04, 285.221, -56.0157, -37.6917, -259.595]
[180.575, 26.3411, 143.215, -282.04, 285.221, -56.0157, -37.6917, -259.595]
[180.575, 26.3411, 143.215, -284.586, 285.221, -56.0157, -37.6917, -257.049]
[180.575, 26.3411, 143.215, -287.06, 285.221, -56.0157, -37.6917, -254.575]
[181.066, 26.3411, 143.215, -287.06, 285.221, -56.5076, -37.6917, -254.575]
[181.066, 26.3411, 143.215, -287.06, 285.221, -55.8126, -37.6917, -255.27]
[181.066, 28.092, 143.215, -287.06, 285.221, -57.5635, -37.6917, -255.27]
[181.066, 28.092, 143.215, -287.497, 285.221, -57.5635, -37.2543, -255.27]
[181.066, 22.5938, 143.215, -281.999, 285.221, -57.5635, -37.2543, -255.27]
[181.066, 22.5938, 143.215, -284.484, 285.221, -57.5635, -37.2543, -252.784]
[181.066, 22.5938, 143.215, -284.484, 285.221, -60.1397, -34.6781, -252.784]
[181.066, 22.5938, 143.215, -284.503, 285.241, -60.1397, -34.6781, -252.784]
[181.066, 22.5938, 143.215, -284.503, 285.465, -60.1397, -34.9028, -252.784]
[181.066, 24.3377, 143.215, -284.503, 285.465, -61.8835, -34.9028, -252.784]
[181.066, 23.9455, 143.215, -284.503, 285.857, -61.8835, -34.9028, -252.784]
[181.066, 23.9455, 143.215, -284.523, 285.876, -61.8835, -34.9028, -252.784]
[181.066, 23.5562, 143.215, -284.523, 286.266, -61.8835, -34.9028, -252.784]
[181.066, 23.5562, 143.215, -284.959, 286.266, -61.8835, -34.4665, -252.784]
[181.066, 23.1697, 143.215, -284.959, 286.652, -61.8835, -34.4665, -252.784]
[181.066, 23.1697, 143.215, -281.636, 286.652, -61.8835, -34.4665, -256.108]
[181.066, 23.1697, 143.215, -284.138, 286.652, -61.8835, -34.4665, -253.606]
[179.587, 23.1697, 143.215, -284.138, 288.132, -61.8835, -34.4665, -253.606]
[179.587, 23.1697, 143.215, -286.57, 288.132, -61.8835, -34.4665, -251.173]
[179.587, 22.7913, 143.215, -286.57, 288.51, -61.8835, -34.4665, -251.173]
[179.587, 22.4156, 143.215, -286.57, 288.886, -61.8835, -34.4665, -251.173]
[179.587, 22.6651, 143.215, -286.819, 288.886, -61.8835, -34.4665, -251.173]
[179.587, 22.6651, 142.132, -286.819, 289.969, -61.8835, -34.4665, -251.173]
[179.587, 22.6651, 142.132, -287.245, 289.969, -61.8835, -34.041, -251.173]
[179.587, 22.6651, 142.132, -289.6, 289.969, -61.8835, -34.041, -248.819]
[179.587, 22.6651, 142.132, -291.889, 289.969, -61.8835, -34.041, -246.529]
[179.587, 22.6651, 142.132, -294.117, 289.969, -61.8835, -34.041, -244.302]
[179.587, 22.6651, 141.068, -294.117, 291.034, -61.8835, -34.041, -244.302]
[179.587, 22.6651, 141.068, -290.551, 291.034, -61.8835, -34.041, -247.868]
[179.587, 22.6651, 141.733, -290.551, 291.034, -62.5493, -34.041, -247.868]
[179.587, 22.6651, 142.391, -290.551, 291.034, -63.2073, -34.041, -247.868]
[179.587, 22.6651, 142.391, -290.568, 291.051, -63.2073, -34.041, -247.868]
[179.587, 22.6651, 142.391, -290.585, 291.068, -63.2073, -34.041, -247.868]
[179.587, 22.6651, 143.042, -290.585, 291.068, -63.8576, -34.041, -247.868]
[179.587, 22.6651, 143.042, -287.116, 291.068, -63.8576, -34.041, -251.337]
[179.64, 22.6651, 143.042, -287.169, 291.068, -63.8576, -34.041, -251.337]
[178.224, 22.6651, 143.042, -287.169, 292.484, -63.8576, -34.041, -251.337]
[178.224, 21.342, 144.365, -287.169, 292.484, -63.8576, -34.041, -251.337]
[178.224, 21.342, 144.44, -287.245, 292.484, -63.8576, -34.041, -251.337]
[178.224, 21.342, 144.516, -287.32, 292.484, -63.8576, -34.041, -251.337]
[178.224, 21.342, 144.516, -287.337, 292.501, -63.8576, -34.041, -251.337]
[178.224, 21.342, 144.516, -282.027, 292.501, -63.8576, -39.3516, -251.337]
[178.224, 21.342, 143.453, -282.027, 293.564, -63.8576, -39.3516, -251.337]
[178.224, 21.342, 144.093, -282.027, 293.564, -64.4981, -39.3516, -251.337]
[178.224, 21.342, 144.093, -282.027, 293.763, -64.4981, -39.5499, -251.337]
[178.224, 21.342, 144.173, -282.106, 293.763, -64.4981, -39.5499, -251.337]
[178.224, 21.342, 144.173, -282.125, 293.781, -64.4981, -39.5499, -251.337]
[178.224, 21.605, 144.173, -282.388, 293.781, -64.4981, -39.5499, -251.337]
[178.224, 21.605, 144.252, -282.467, 293.781, -64.4981, -39.5499, -251.337]
[178.224, 21.605, 144.252, -282.467, 293.781, -67.0087, -37.0393, -251.337]
[178.224, 21.605, 144.332, -282.546, 293.781, -67.0087, -37.0393, -251.337]
[178.224, 21.605, 144.95, -282.546, 293.781, -67.6266, -37.0393, -251.337]
[178.224, 21.605, 144.95, -283.145, 293.781, -67.0281, -37.0393, -251.337]
[178.224, 21.605, 144.95, -285.559, 293.781, -67.0281, -37.0393, -248.923]
[178.224, 21.605, 145.564, -285.559, 293.781, -67.6426, -37.0393, -248.923]
[178.676, 21.605, 145.564, -285.559, 293.781, -68.0943, -37.0393, -248.923]
[178.676, 21.605, 145.564, -287.906, 293.781, -68.0943, -37.0393, -246.576]
[178.676, 21.605, 145.564, -287.906, 293.781, -70.519, -34.6146, -246.576]
[179.283, 21.605, 145.564, -287.906, 293.781, -70.519, -35.2219, -246.576]
[179.283, 21.605, 145.676, -287.906, 293.781, -70.519, -35.2219, -246.687]
[179.283, 21.605, 145.676, -288.491, 293.781, -69.9336, -35.2219, -246.687]
[179.283, 21.605, 145.676, -288.491, 293.928, -70.0807, -35.2219, -246.687]
[179.283, 23.2422, 145.676, -288.491, 293.928, -71.7179, -35.2219, -246.687]
[179.283, 23.4853, 145.676, -288.734, 293.928, -71.7179, -35.2219, -246.687]
[179.283, 23.4853, 145.676, -288.751, 293.945, -71.7179, -35.2219, -246.687]
[177.901, 23.4853, 145.676, -288.751, 295.327, -71.7179, -35.2219, -246.687]
[178.337, 23.4853, 145.676, -288.751, 295.327, -72.1543, -35.2219, -246.687]
[178.337, 23.4853, 145.676, -285.291, 295.327, -72.1543, -35.2219, -250.147]
[178.943, 23.4853, 145.676, -285.291, 295.327, -72.1543, -35.8278, -250.147]
[178.943, 23.4853, 145.676, -279.576, 289.611, -72.1543, -35.8278, -250.147]
[178.943, 23.4853, 145.676, -279.595, 289.631, -72.1543, -35.8278, -250.147]
[179.542, 23.4853, 145.676, -279.595, 289.631, -72.1543, -36.4271, -250.147]
[179.6, 23.4853, 145.676, -279.652, 289.631, -72.1543, -36.4271, -250.147]
[179.6, 23.4853, 145.676, -280.115, 289.631, -72.1543, -35.9642, -250.147]
[179.6, 23.4853, 145.676, -282.555, 289.631, -72.1543, -35.9642, -247.707]
[180.028, 23.4853, 145.676, -282.555, 289.631, -72.5821, -35.9642, -247.707]
[180.028, 23.4853, 145.676, -279.195, 289.631, -72.5821, -35.9642, -251.068]
[180.028, 23.4853, 145.676, -281.66, 289.631, -72.5821, -35.9642, -248.602]
[180.028, 23.4853, 145.676, -282.113, 289.631, -72.5821, -35.5117, -248.602]
[178.592, 23.4853, 145.676, -282.113, 291.067, -72.5821, -35.5117, -248.602]
[177.187, 23.4853, 145.676, -282.113, 292.472, -72.5821, -35.5117, -248.602]
[177.187, 23.4853, 145.676, -284.503, 292.472, -72.5821, -35.5117, -246.212]
[177.187, 23.1208, 145.676, -284.503, 292.836, -72.5821, -35.5117, -246.212]
[177.187, 23.1208, 144.605, -284.503, 293.906, -72.5821, -35.5117, -246.212]
[175.826, 23.1208, 144.605, -284.503, 295.267, -72.5821, -35.5117, -246.212]
[175.826, 23.1208, 145.192, -284.503, 295.267, -73.1686, -35.5117, -246.212]
[175.826, 22.767, 145.192, -284.503, 295.621, -73.1686, -35.5117, -246.212]
[175.826, 22.767, 145.192, -284.942, 295.621, -73.1686, -35.0728, -246.212]
[175.826, 21.4647, 146.494, -284.942, 295.621, -73.1686, -35.0728, -246.212]
[175.826, 21.4647, 146.494, -281.528, 295.621, -73.1686, -35.0728, -249.626]
[175.826, 23.0676, 146.494, -281.528, 295.621, -74.7715, -35.0728, -249.626]
[175.826, 23.0676, 145.441, -281.528, 296.674, -74.7715, -35.0728, -249.626]
[174.508, 23.0676, 145.441, -281.528, 297.992, -74.7715, -35.0728, -249.626]
[174.508, 23.0676, 144.417, -281.528, 299.017, -74.7715, -35.0728, -249.626]
[174.508, 23.0676, 143.41, -281.528, 300.024, -74.7715, -35.0728, -249.626]
[174.567, 23.0676, 143.41, -281.587, 300.024, -74.7715, -35.0728, -249.626]
[174.567, 23.0676, 142.419, -281.587, 301.014, -74.7715, -35.0728, -249.626]
[174.567, 23.0676, 142.419, -282.23, 301.014, -74.1281, -35.0728, -249.626]
[174.567, 23.0676, 142.419, -284.633, 301.014, -74.1281, -35.0728, -247.223]
[174.567, 23.0676, 142.419, -284.65, 301.03, -74.1281, -35.0728, -247.223]
[174.567, 23.0676, 143.009, -284.65, 301.03, -74.718, -35.0728, -247.223]
[174.567, 23.0676, 142.03, -284.65, 302.009, -74.718, -35.0728, -247.223]
[174.567, 23.0676, 142.03, -284.65, 302.009, -77.0234, -32.7674, -247.223]
[174.567, 23.0676, 142.607, -284.65, 302.009, -77.6001, -32.7674, -247.223]
[174.567, 24.6018, 142.607, -284.65, 302.009, -79.1342, -32.7674, -247.223]
[174.567, 24.6018, 143.17, -284.65, 302.009, -79.6972, -32.7674, -247.223]
[174.567, 24.6018, 143.17, -286.986, 302.009, -79.6972, -32.7674, -244.887]
[174.567, 24.6018, 143.17, -287.404, 302.009, -79.6972, -32.3492, -244.887]
[174.567, 23.2602, 144.511, -287.404, 302.009, -79.6972, -32.3492, -244.887]
[174.567, 23.2602, 145.062, -287.404, 302.009, -80.2477, -32.3492, -244.887]
[174.567, 21.9516, 146.371, -287.404, 302.009, -80.2477, -32.3492, -244.887]
[174.623, 21.9516, 146.371, -287.46, 302.009, -80.2477, -32.3492, -244.887]
[175.265, 21.9516, 146.371, -287.46, 302.009, -80.2477, -32.9917, -244.887]
[175.265, 21.9516, 146.371, -281.743, 296.292, -80.2477, -32.9917, -244.887]
[175.265, 21.9516, 146.909, -281.743, 296.292, -80.7863, -32.9917, -244.887]
[175.265, 22.3234, 146.909, -281.743, 296.292, -80.7863, -32.9917, -245.259]
[175.901, 22.3234, 146.909, -281.743, 296.292, -80.7863, -33.6268, -245.259]
[174.578, 22.3234, 146.909, -281.743, 297.615, -80.7863, -33.6268, -245.259]
[174.578, 22.3234, 146.909, -282.186, 297.615, -80.7863, -33.1844, -245.259]
[174.578, 22.3234, 146.909, -276.471, 291.9, -80.7863, -33.1844, -245.259]
[174.578, 22.3234, 145.82, -276.471, 292.99, -80.7863, -33.1844, -245.259]
[174.578, 21.9647, 145.82, -276.471, 293.348, -80.7863, -33.1844, -245.259]
[174.578, 21.9647, 145.82, -277.18, 293.348, -80.0766, -33.1844, -245.259]
[174.994, 21.9647, 145.82, -277.18, 293.348, -80.4931, -33.1844, -245.259]
[174.994, 21.9647, 145.82, -277.18, 293.482, -80.6263, -33.1844, -245.259]
[174.994, 21.9647, 145.82, -277.885, 293.482, -79.922, -33.1844, -245.259]
[174.994, 21.9647, 145.82, -277.885, 293.615, -80.0558, -33.1844, -245.259]
[174.994, 21.9647, 146.362, -277.885, 293.615, -80.598, -33.1844, -245.259]
[175.63, 21.9647, 146.362, -277.885, 293.615, -80.598, -33.82, -245.259]
[175.63, 21.6092, 146.362, -277.885, 293.971, -80.598, -33.82, -245.259]
[175.63, 21.6092, 146.444, -277.966, 293.971, -80.598, -33.82, -245.259]
[175.63, 21.6092, 145.376, -277.966, 295.038, -80.598, -33.82, -245.259]
[175.63, 21.6092, 144.328, -277.966, 296.086, -80.598, -33.82, -245.259]
[175.63, 21.6092, 144.328, -278.425, 296.086, -80.598, -33.361, -245.259]
[175.63, 21.881, 144.328, -278.697, 296.086, -80.598, -33.361, -245.259]
[174.308, 21.881, 144.328, -278.697, 297.409, -80.598, -33.361, -245.259]
[173.012, 21.881, 144.328, -278.697, 298.704, -80.598, -33.361, -245.259]
[173.433, 21.881, 144.328, -278.697, 298.704, -81.0186, -33.361, -245.259]
[173.433, 21.881, 144.873, -278.697, 298.704, -81.5635, -33.361, -245.259]
[173.494, 21.881, 144.873, -278.758, 298.704, -81.5635, -33.361, -245.259]
[173.556, 21.881, 144.873, -278.82, 298.704, -81.5635, -33.361, -245.259]
[173.556, 21.881, 144.873, -279.273, 298.704, -81.5635, -32.9075, -245.259]
[173.556, 20.5843, 146.169, -279.273, 298.704, -81.5635, -32.9075, -245.259]
