[259.399, 82.4448, -3.50039, -137.86, 108.319, -61.6669, -29.0686, -218.035]
[260.675, 81.1686, -3.50039, -137.86, 108.319, -61.6669, -29.0686, -218.035]
[261.924, 79.9201, -3.50039, -137.86, 108.319, -61.6669, -29.0686, -218.035]
[263.476, 79.9201, -3.50039, -137.86, 106.766, -61.6669, -29.0686, -218.035]
[263.476, 79.9201, -3.50039, -137.86, 108.138, -63.0387, -29.0686, -218.035]
[264.682, 78.7143, -3.50039, -137.86, 108.138, -63.0387, -29.0686, -218.035]
[264.682, 78.7143, -3.50039, -137.86, 109.911, -63.0387, -30.8415, -218.035]
[264.836, 78.7143, -3.50039, -138.014, 109.911, -63.0387, -30.8415, -218.035]
[264.836, 78.7143, -3.50039, -138.014, 111.635, -63.0387, -32.5649, -218.035]
[265.262, 78.7143, -3.50039, -138.014, 111.635, -63.0387, -32.991, -218.035]
[265.262, 78.7143, -3.50039, -138.014, 112.936, -64.3399, -32.991, -218.035]
[265.262, 78.7143, -3.50039, -138.673, 113.595, -64.3399, -32.991, -218.035]
[265.262, 78.7143, -1.69848, -140.475, 113.595, -64.3399, -32.991, -218.035]
[265.262, 78.7143, -1.69848, -137.711, 113.595, -64.3399, -32.991, -220.798]
[265.262, 79.6171, -1.69848, -138.614, 113.595, -64.3399, -32.991, -220.798]
[265.262, 79.6171, -1.69848, -139.266, 114.246, -64.3399, -32.991, -220.798]
[265.262, 80.5002, -1.69848, -140.149, 114.246, -64.3399, -32.991, -220.798]
[265.262, 80.5002, -1.69848, -140.787, 114.885, -64.3399, -32.991, -220.798]
[265.262, 80.5002, -1.69848, -140.787, 116.512, -64.3399, -34.6178, -220.798]
[265.262, 83.1764, -4.3747, -140.787, 116.512, -64.3399, -34.6178, -220.798]
[265.262, 83.1764, -4.3747, -140.787, 118.096, -64.3399, -36.202, -220.798]
[265.262, 83.1764, -4.3747, -140.787, 119.639, -64.3399, -37.7455, -220.798]
[265.262, 84.808, -4.3747, -140.787, 119.639, -65.9716, -37.7455, -220.798]
[265.262, 84.808, -4.3747, -143.092, 119.639, -65.9716, -35.4404, -220.798]
[265.262, 84.808, -4.3747, -143.092, 121.173, -65.9716, -36.9739, -220.798]
[266.5, 83.5696, -4.3747, -143.092, 121.173, -65.9716, -36.9739, -220.798]
[266.5, 83.5696, -4.3747, -143.092, 122.668, -65.9716, -38.4691, -220.798]
[266.644, 83.5696, -4.3747, -143.236, 122.668, -65.9716, -38.4691, -220.798]
[266.644, 83.5696, -4.3747, -146.005, 122.668, -63.2027, -38.4691, -220.798]
[266.644, 83.5696, -2.66346, -147.716, 122.668, -63.2027, -38.4691, -220.798]
[266.956, 83.5696, -2.66346, -147.716, 122.668, -63.515, -38.4691, -220.798]
[266.956, 83.5696, -2.66346, -148.266, 123.218, -63.515, -38.4691, -220.798]
[266.956, 83.5696, -2.66346, -150.458, 123.218, -63.515, -36.2768, -220.798]
[267.089, 83.5696, -2.66346, -150.591, 123.218, -63.515, -36.2768, -220.798]
[267.089, 83.5696, -2.66346, -151.123, 123.75, -63.515, -36.2768, -220.798]
[267.642, 83.5696, -3.21669, -151.123, 123.75, -63.515, -36.2768, -220.798]
[267.642, 83.5696, -3.21669, -151.651, 124.278, -63.515, -36.2768, -220.798]
[267.642, 85.2069, -3.21669, -151.651, 124.278, -65.1523, -36.2768, -220.798]
[267.642, 85.2069, -3.21669, -148.726, 124.278, -65.1523, -36.2768, -223.723]
[267.945, 85.2069, -3.21669, -148.726, 124.278, -65.4558, -36.2768, -223.723]
[267.945, 85.2069, -3.21669, -145.914, 124.278, -65.4558, -36.2768, -226.535]
[267.945, 85.2069, -3.21669, -148.109, 124.278, -65.4558, -34.082, -226.535]
[269.16, 83.9926, -3.21669, -148.109, 124.278, -65.4558, -34.082, -226.535]
[269.16, 84.3685, -3.21669, -148.109, 124.278, -65.4558, -34.082, -226.911]
[269.16, 84.3685, -3.21669, -145.369, 124.278, -65.4558, -34.082, -229.651]
[269.16, 84.3685, -1.51264, -147.073, 124.278, -65.4558, -34.082, -229.651]
[269.563, 84.3685, -1.51264, -147.073, 124.278, -65.4558, -34.485, -229.651]
[269.563, 86.9768, -4.12089, -147.073, 124.278, -65.4558, -34.485, -229.651]
[269.86, 86.9768, -4.12089, -147.073, 124.278, -65.7528, -34.485, -229.651]
[269.86, 86.9768, -4.12089, -149.766, 124.278, -63.0603, -34.485, -229.651]
[269.86, 86.9768, -11.2289, -142.658, 124.278, -63.0603, -34.485, -229.651]
[269.86, 86.9768, -11.2289, -144.877, 124.278, -63.0603, -32.266, -229.651]
[271.517, 86.9768, -11.2289, -144.877, 122.62, -63.0603, -32.266, -229.651]
[271.517, 89.365, -13.6171, -144.877, 122.62, -63.0603, -32.266, -229.651]
[271.996, 89.365, -14.0958, -144.877, 122.62, -63.0603, -32.266, -229.651]
[273.603, 89.365, -14.0958, -144.877, 121.013, -63.0603, -32.266, -229.651]
[273.895, 89.365, -14.0958, -144.877, 121.013, -63.3526, -32.266, -229.651]
[273.895, 89.365, -14.0958, -144.877, 122.57, -63.3526, -33.8225, -229.651]
[273.895, 89.365, -14.0958, -144.877, 123.751, -64.534, -33.8225, -229.651]
[274.361, 89.365, -14.5617, -144.877, 123.751, -64.534, -33.8225, -229.651]
[274.647, 89.365, -14.5617, -144.877, 123.751, -64.8201, -33.8225, -229.651]
[274.647, 89.365, -14.5617, -136.671, 115.545, -64.8201, -33.8225, -229.651]
[274.647, 89.365, -14.5617, -136.671, 117.153, -64.8201, -35.4296, -229.651]
[274.647, 90.9099, -14.5617, -136.671, 117.153, -66.365, -35.4296, -229.651]
[274.647, 90.9099, -14.5617, -137.313, 117.794, -66.365, -35.4296, -229.651]
[276.158, 90.9099, -14.5617, -137.313, 116.283, -66.365, -35.4296, -229.651]
[276.531, 90.9099, -14.5617, -137.313, 116.283, -66.365, -35.8017, -229.651]
[276.668, 90.9099, -14.5617, -137.45, 116.283, -66.365, -35.8017, -229.651]
[276.668, 90.9099, -14.5617, -134.956, 116.283, -66.365, -35.8017, -232.145]
[276.668, 90.9099, -14.5617, -134.956, 108.734, -58.8157, -35.8017, -232.145]
[276.668, 90.9099, -14.5617, -134.956, 110.405, -58.8157, -37.4733, -232.145]
[277.12, 90.9099, -15.0135, -134.956, 110.405, -58.8157, -37.4733, -232.145]
[277.568, 90.9099, -15.4614, -134.956, 110.405, -58.8157, -37.4733, -232.145]
[277.861, 90.9099, -15.4614, -134.956, 110.405, -59.1088, -37.4733, -232.145]
[279.244, 90.9099, -15.4614, -134.956, 109.022, -59.1088, -37.4733, -232.145]
[279.681, 90.9099, -15.8986, -134.956, 109.022, -59.1088, -37.4733, -232.145]
[279.681, 90.9099, -15.8986, -132.55, 109.022, -59.1088, -37.4733, -234.551]
[279.681, 90.9099, -15.8986, -135.392, 109.022, -56.2671, -37.4733, -234.551]
[280.115, 90.9099, -16.3321, -135.392, 109.022, -56.2671, -37.4733, -234.551]
[280.115, 90.9099, -14.2886, -137.436, 109.022, -56.2671, -37.4733, -234.551]
[280.115, 91.7207, -14.2886, -138.246, 109.022, -56.2671, -37.4733, -234.551]
[280.115, 91.7207, -21.0855, -131.45, 109.022, -56.2671, -37.4733, -234.551]
[280.115, 91.7207, -21.0855, -131.45, 110.667, -56.2671, -39.1185, -234.551]
[281.475, 91.7207, -21.0855, -131.45, 109.307, -56.2671, -39.1185, -234.551]
[281.614, 91.7207, -21.0855, -131.588, 109.307, -56.2671, -39.1185, -234.551]
[281.614, 91.7207, -21.0855, -134.078, 109.307, -56.2671, -36.6294, -234.551]
[282.019, 91.7207, -21.4906, -134.078, 109.307, -56.2671, -36.6294, -234.551]
[282.019, 93.346, -21.4906, -134.078, 109.307, -57.8924, -36.6294, -234.551]
[282.421, 93.346, -21.8926, -134.078, 109.307, -57.8924, -36.6294, -234.551]
[282.82, 93.346, -22.2916, -134.078, 109.307, -57.8924, -36.6294, -234.551]
[282.82, 93.346, -20.1319, -136.237, 109.307, -57.8924, -36.6294, -234.551]
[282.82, 93.346, -20.1319, -128.165, 101.235, -57.8924, -36.6294, -234.551]
[282.82, 93.346, -20.1319, -128.968, 102.038, -57.8924, -36.6294, -234.551]
[282.82, 93.346, -20.1319, -131.46, 102.038, -57.8924, -34.1379, -234.551]
[282.82, 93.346, -20.1319, -133.863, 102.038, -57.8924, -31.7342, -234.551]
[283.182, 93.346, -20.1319, -133.863, 102.038, -57.8924, -32.0959, -234.551]
[283.182, 93.346, -20.1319, -134.62, 102.795, -57.8924, -32.0959, -234.551]
[283.182, 93.346, -20.1319, -134.62, 104.259, -59.3563, -32.0959, -234.551]
[283.182, 94.9099, -20.1319, -134.62, 104.259, -60.9202, -32.0959, -234.551]
[283.182, 96.434, -20.1319, -134.62, 104.259, -62.4443, -32.0959, -234.551]
[283.182, 96.434, -20.1319, -134.62, 106.044, -62.4443, -33.881, -234.551]
[284.355, 95.261, -20.1319, -134.62, 106.044, -62.4443, -33.881, -234.551]
[285.616, 95.261, -20.1319, -134.62, 104.783, -62.4443, -33.881, -234.551]
[286.01, 95.261, -20.5254, -134.62, 104.783, -62.4443, -33.881, -234.551]
[286.353, 95.261, -20.5254, -134.62, 104.783, -62.4443, -34.2246, -234.551]
[286.353, 95.261, -20.5254, -135.353, 105.516, -62.4443, -34.2246, -234.551]
[286.353, 95.261, -20.5254, -127.312, 97.4742, -62.4443, -34.2246, -234.551]
[286.742, 95.261, -20.9146, -127.312, 97.4742, -62.4443, -34.2246, -234.551]
[286.742, 97.35, -23.0037, -127.312, 97.4742, -62.4443, -34.2246, -234.551]
[286.742, 97.35, -23.0037, -130.321, 97.4742, -59.4355, -34.2246, -234.551]
[287.89, 97.35, -23.0037, -130.321, 96.3266, -59.4355, -34.2246, -234.551]
[287.89, 97.35, -23.0037, -133.212, 96.3266, -56.5445, -34.2246, -234.551]
[288.161, 97.35, -23.0037, -133.212, 96.3266, -56.8156, -34.2246, -234.551]
[288.289, 97.35, -23.0037, -133.339, 96.3266, -56.8156, -34.2246, -234.551]
[288.289, 97.35, -23.0037, -131.003, 96.3266, -56.8156, -34.2246, -236.887]
[288.289, 98.1607, -23.0037, -131.814, 96.3266, -56.8156, -34.2246, -236.887]
[288.289, 99.6956, -23.0037, -131.814, 96.3266, -58.3505, -34.2246, -236.887]
[288.289, 99.6956, -23.0037, -131.814, 97.8653, -59.8891, -34.2246, -236.887]
[288.289, 101.683, -24.9907, -131.814, 97.8653, -59.8891, -34.2246, -236.887]
[288.289, 103.136, -24.9907, -131.814, 97.8653, -61.3423, -34.2246, -236.887]
[289.478, 101.946, -24.9907, -131.814, 97.8653, -61.3423, -34.2246, -236.887]
[289.478, 101.946, -24.9907, -134.713, 97.8653, -58.4432, -34.2246, -236.887]
[289.478, 101.946, -24.9907, -134.713, 99.3834, -59.9613, -34.2246, -236.887]
[289.478, 101.946, -24.9907, -134.713, 92.0991, -52.677, -34.2246, -236.887]
[289.478, 101.946, -24.9907, -141.158, 92.0991, -52.677, -34.2246, -230.442]
[289.478, 101.946, -24.9907, -141.158, 94.0309, -52.677, -36.1565, -230.442]
[281.879, 109.546, -24.9907, -141.158, 94.0309, -52.677, -36.1565, -230.442]
[281.879, 109.546, -24.9907, -143.43, 94.0309, -52.677, -33.8845, -230.442]
[281.879, 109.546, -24.9907, -140.842, 94.0309, -52.677, -33.8845, -233.03]
[281.879, 109.822, -24.9907, -140.842, 94.0309, -52.677, -33.8845, -233.306]
[282.268, 109.822, -25.38, -140.842, 94.0309, -52.677, -33.8845, -233.306]
[282.654, 109.822, -25.7664, -140.842, 94.0309, -52.677, -33.8845, -233.306]
[282.654, 109.822, -25.7664, -140.842, 95.9389, -52.677, -35.7925, -233.306]
[282.78, 109.822, -25.7664, -140.967, 95.9389, -52.677, -35.7925, -233.306]
[282.78, 109.822, -25.7664, -140.967, 97.556, -54.2941, -35.7925, -233.306]
[274.363, 109.822, -25.7664, -140.967, 97.556, -54.2941, -27.3759, -233.306]
[275.78, 108.405, -25.7664, -140.967, 97.556, -54.2941, -27.3759, -233.306]
[275.78, 108.405, -25.7664, -140.967, 99.1309, -55.8689, -27.3759, -233.306]
[275.78, 109.825, -25.7664, -140.967, 99.1309, -57.2896, -27.3759, -233.306]
[276.19, 109.825, -26.176, -140.967, 99.1309, -57.2896, -27.3759, -233.306]
[276.492, 109.825, -26.176, -140.967, 99.1309, -57.5911, -27.3759, -233.306]
[277.763, 109.825, -26.176, -140.967, 97.8592, -57.5911, -27.3759, -233.306]
[269.394, 109.825, -26.176, -140.967, 97.8592, -57.5911, -19.007, -233.306]
[269.451, 109.825, -26.176, -140.967, 97.8592, -57.5911, -19.007, -233.363]
[270.787, 109.825, -26.176, -140.967, 96.5235, -57.5911, -19.007, -233.363]
[270.787, 110.485, -26.176, -141.627, 96.5235, -57.5911, -19.007, -233.363]
[270.787, 111.137, -26.176, -142.279, 96.5235, -57.5911, -19.007, -233.363]
[270.787, 112.506, -26.176, -142.279, 96.5235, -58.9595, -19.007, -233.363]
[271.1, 112.506, -26.176, -142.279, 96.5235, -59.2721, -19.007, -233.363]
[271.1, 112.506, -26.176, -142.279, 98.6228, -59.2721, -21.1063, -233.363]
[271.1, 113.839, -26.176, -142.279, 98.6228, -60.6057, -21.1063, -233.363]
[262.783, 113.839, -26.176, -142.279, 98.6228, -60.6057, -12.7893, -233.363]
[263.307, 113.839, -26.176, -142.279, 98.6228, -60.6057, -13.3132, -233.363]
[263.307, 115.573, -27.9096, -142.279, 98.6228, -60.6057, -13.3132, -233.363]
[263.307, 115.573, -27.9096, -144.172, 98.6228, -60.6057, -11.4208, -233.363]
[263.307, 107.416, -27.9096, -136.014, 98.6228, -60.6057, -11.4208, -233.363]
[255.07, 107.416, -27.9096, -136.014, 98.6228, -60.6057, -3.18412, -233.363]
[255.07, 107.416, -27.9096, -133.611, 98.6228, -60.6057, -3.18412, -235.766]
[255.07, 100.451, -20.9446, -133.611, 98.6228, -60.6057, -3.18412, -235.766]
[255.07, 100.451, -20.9446, -135.482, 98.6228, -60.6057, -1.31333, -235.766]
[255.07, 100.451, -20.9446, -135.482, 100.981, -60.6057, -3.67161, -235.766]
[255.07, 100.451, -20.9446, -135.482, 102.434, -62.0586, -3.67161, -235.766]
[255.423, 100.451, -20.9446, -135.482, 102.434, -62.4115, -3.67161, -235.766]
[255.423, 100.451, -20.9446, -135.482, 104.687, -62.4115, -5.92507, -235.766]
[255.423, 100.451, -20.9446, -138.331, 104.687, -59.5627, -5.92507, -235.766]
[255.423, 93.1583, -20.9446, -138.331, 104.687, -52.2701, -5.92507, -235.766]
[255.423, 94.8178, -20.9446, -138.331, 104.687, -53.9297, -5.92507, -235.766]
[255.423, 94.8178, -20.9446, -139.04, 105.397, -53.9297, -5.92507, -235.766]
[257.021, 94.8178, -20.9446, -139.04, 103.798, -53.9297, -5.92507, -235.766]
[257.021, 96.4331, -20.9446, -139.04, 103.798, -55.545, -5.92507, -235.766]
[257.021, 97.193, -20.9446, -139.8, 103.798, -55.545, -5.92507, -235.766]
[257.021, 97.193, -20.9446, -141.62, 103.798, -55.545, -4.10451, -235.766]
[257.021, 97.193, -20.9446, -139.161, 103.798, -55.545, -4.10451, -238.226]
[257.021, 99.2509, -23.0026, -139.161, 103.798, -55.545, -4.10451, -238.226]
[257.021, 101.245, -24.9965, -139.161, 103.798, -55.545, -4.10451, -238.226]
[257.021, 101.245, -22.8753, -141.282, 103.798, -55.545, -4.10451, -238.226]
[257.021, 92.7647, -22.8753, -141.282, 103.798, -55.545, -4.10451, -229.745]
[248.417, 92.7647, -22.8753, -132.678, 103.798, -55.545, -4.10451, -229.745]
[248.417, 92.7647, -22.8753, -135.449, 103.798, -52.7737, -4.10451, -229.745]
[248.417, 92.7647, -22.8753, -135.449, 106.021, -52.7737, -6.32801, -229.745]
[248.417, 92.7647, -20.7284, -137.596, 106.021, -52.7737, -6.32801, -229.745]
[248.598, 92.7647, -20.7284, -137.777, 106.021, -52.7737, -6.32801, -229.745]
[248.598, 92.7647, -20.7284, -137.777, 108.172, -52.7737, -8.47854, -229.745]
[248.598, 92.7647, -20.7284, -137.777, 109.633, -54.2344, -8.47854, -229.745]
[249.153, 92.7647, -21.2838, -137.777, 109.633, -54.2344, -8.47854, -229.745]
[249.153, 92.7647, -21.2838, -144.043, 109.633, -54.2344, -8.47854, -223.479]
[249.153, 92.7647, -21.2838, -141.315, 109.633, -54.2344, -8.47854, -226.207]
[250.894, 92.7647, -21.2838, -141.315, 107.892, -54.2344, -8.47854, -226.207]
[252.586, 92.7647, -21.2838, -141.315, 106.2, -54.2344, -8.47854, -226.207]
[252.586, 94.8878, -23.4069, -141.315, 106.2, -54.2344, -8.47854, -226.207]
[252.586, 94.8878, -23.4069, -141.315, 106.2, -54.2344, -7.58622, -227.099]
[254.087, 93.387, -23.4069, -141.315, 106.2, -54.2344, -7.58622, -227.099]
[254.087, 93.387, -30.11, -134.612, 106.2, -54.2344, -7.58622, -227.099]
[254.087, 93.387, -30.11, -137.323, 106.2, -51.5243, -7.58622, -227.099]
[255.713, 93.387, -30.11, -137.323, 104.573, -51.5243, -7.58622, -227.099]
[257.298, 93.387, -30.11, -137.323, 102.989, -51.5243, -7.58622, -227.099]
[257.298, 95.0535, -30.11, -137.323, 102.989, -53.1907, -7.58622, -227.099]
[257.298, 95.0535, -30.11, -139.963, 102.989, -50.5503, -7.58622, -227.099]
[257.298, 95.0535, -30.11, -139.963, 105.169, -50.5503, -9.76567, -227.099]
[257.298, 96.7107, -30.11, -139.963, 105.169, -52.2075, -9.76567, -227.099]
[257.298, 96.7107, -30.11, -139.963, 107.277, -52.2075, -11.8745, -227.099]
[257.298, 96.7107, -30.11, -137.378, 107.277, -52.2075, -11.8745, -229.684]
[257.298, 96.7107, -30.11, -137.378, 99.9914, -44.9215, -11.8745, -229.684]
[257.298, 97.4802, -30.11, -138.147, 99.9914, -44.9215, -11.8745, -229.684]
[257.854, 97.4802, -30.11, -138.147, 99.9914, -44.9215, -12.4308, -229.684]
[257.854, 97.4802, -26.0516, -138.147, 99.9914, -48.9798, -12.4308, -229.684]
[257.854, 97.4802, -26.0516, -140.088, 99.9914, -48.9798, -10.4897, -229.684]
[257.854, -40.5792, 112.008, -140.088, 99.9914, -48.9798, -10.4897, -229.684]
[258.276, -41.0011, 112.008, -140.088, 99.9914, -48.9798, -10.4897, -229.684]
[258.276, -41.0011, 112.008, -142.602, 99.9914, -46.4663, -10.4897, -229.684]
[258.276, -42.5611, 113.568, -142.602, 99.9914, -46.4663, -10.4897, -229.684]
[258.276, -42.5611, 115.04, -142.602, 99.9914, -47.9382, -10.4897, -229.684]
[258.688, -42.9734, 115.04, -142.602, 99.9914, -47.9382, -10.4897, -229.684]
[259.078, -42.9734, 115.04, -142.602, 99.9914, -48.3284, -10.4897, -229.684]
[259.233, -42.9734, 115.04, -142.757, 99.9914, -48.3284, -10.4897, -229.684]
[259.388, -42.9734, 115.04, -142.911, 99.9914, -48.3284, -10.4897, -229.684]
[259.388, -42.9734, 115.04, -140.319, 99.9914, -48.3284, -10.4897, -232.276]
[260.868, -42.9734, 115.04, -140.319, 98.5117, -48.3284, -10.4897, -232.276]
[260.868, -42.9734, 115.04, -141.056, 99.2485, -48.3284, -10.4897, -232.276]
[261.248, -42.9734, 115.04, -141.056, 99.2485, -48.7092, -10.4897, -232.276]
[261.248, -42.9734, 116.467, -141.056, 99.2485, -50.1361, -10.4897, -232.276]
[261.248, -42.9734, 116.467, -147.309, 99.2485, -50.1361, -10.4897, -226.023]
[261.248, -42.9734, 116.467, -140.323, 99.2485, -50.1361, -17.4759, -226.023]
[262.696, -42.9734, 116.467, -140.323, 97.8006, -50.1361, -17.4759, -226.023]
[262.696, -42.9734, 116.467, -132.3, 89.7775, -50.1361, -17.4759, -226.023]
[262.696, -44.4526, 117.946, -132.3, 89.7775, -50.1361, -17.4759, -226.023]
[263.085, -44.8409, 117.946, -132.3, 89.7775, -50.1361, -17.4759, -226.023]
[263.085, -44.8409, 117.946, -138.598, 89.7775, -50.1361, -17.4759, -219.725]
[263.47, -45.2263, 117.946, -138.598, 89.7775, -50.1361, -17.4759, -219.725]
[264.782, -45.2263, 117.946, -138.598, 88.4654, -50.1361, -17.4759, -219.725]
[266.423, -45.2263, 116.305, -138.598, 88.4654, -50.1361, -17.4759, -219.725]
[266.423, -45.2263, 116.599, -138.598, 88.4654, -50.1361, -17.4759, -220.02]
[266.423, -45.2263, 116.599, -138.598, 90.2188, -51.8894, -17.4759, -220.02]
[266.795, -45.5982, 116.599, -138.598, 90.2188, -51.8894, -17.4759, -220.02]
[266.795, -45.5982, 117.233, -139.231, 90.2188, -51.8894, -17.4759, -220.02]
[266.795, -45.5982, 117.233, -136.529, 90.2188, -51.8894, -17.4759, -222.722]
[267.164, -45.9674, 117.233, -136.529, 90.2188, -51.8894, -17.4759, -222.722]
[267.164, -47.4009, 118.666, -136.529, 90.2188, -51.8894, -17.4759, -222.722]
[267.164, -47.4009, 118.666, -142.691, 90.2188, -51.8894, -17.4759, -216.56]
[267.164, -47.4009, 118.666, -145.21, 90.2188, -49.3704, -17.4759, -216.56]
[267.164, -47.4009, 119.251, -145.795, 90.2188, -49.3704, -17.4759, -216.56]
[267.303, -47.4009, 119.251, -145.933, 90.2188, -49.3704, -17.4759, -216.56]
[268.927, -47.4009, 117.626, -145.933, 90.2188, -49.3704, -17.4759, -216.56]
[268.927, -47.4009, 119.015, -145.933, 90.2188, -50.759, -17.4759, -216.56]
[269.283, -47.7565, 119.015, -145.933, 90.2188, -50.759, -17.4759, -216.56]
[269.283, -47.7565, 119.015, -151.802, 90.2188, -50.759, -17.4759, -210.691]
[269.283, -47.7565, 119.563, -152.35, 90.2188, -50.759, -17.4759, -210.691]
[269.283, -47.7565, 120.913, -152.35, 90.2188, -52.1091, -17.4759, -210.691]
[269.41, -47.7565, 120.913, -152.477, 90.2188, -52.1091, -17.4759, -210.691]
[269.41, -47.7565, 120.913, -152.477, 91.9204, -53.8108, -17.4759, -210.691]
[269.537, -47.7565, 120.913, -152.604, 91.9204, -53.8108, -17.4759, -210.691]
[269.537, -47.7565, 121.447, -153.138, 91.9204, -53.8108, -17.4759, -210.691]
[269.537, -47.7565, 121.447, -154.933, 91.9204, -53.8108, -15.681, -210.691]
[269.87, -47.7565, 121.447, -154.933, 91.9204, -54.1432, -15.681, -210.691]
[269.87, -47.7565, 121.447, -154.933, 94.1489, -54.1432, -17.9095, -210.691]
[269.87, -47.7565, 121.447, -155.604, 94.8194, -54.1432, -17.9095, -210.691]
[269.87, -47.7565, 121.447, -161.163, 94.8194, -54.1432, -17.9095, -205.132]
[269.87, -47.7565, 121.447, -162.852, 94.8194, -54.1432, -16.2205, -205.132]
[269.87, -47.7565, 121.447, -163.472, 95.4387, -54.1432, -16.2205, -205.132]
[269.87, -47.7565, 121.926, -163.951, 95.4387, -54.1432, -16.2205, -205.132]
[269.87, -47.7565, 122.247, -163.951, 95.4387, -54.1432, -16.2205, -205.452]
[269.87, -45.6678, 122.247, -166.04, 95.4387, -54.1432, -16.2205, -205.452]
[270.228, -46.0261, 122.247, -166.04, 95.4387, -54.1432, -16.2205, -205.452]
[270.228, -47.3998, 123.621, -166.04, 95.4387, -54.1432, -16.2205, -205.452]
[271.528, -47.3998, 123.621, -166.04, 94.1388, -54.1432, -16.2205, -205.452]
[271.528, -47.3998, 123.621, -168.198, 94.1388, -51.9853, -16.2205, -205.452]
[272.799, -47.3998, 123.621, -168.198, 92.8674, -51.9853, -16.2205, -205.452]
[272.799, -47.3998, 124.912, -168.198, 92.8674, -53.2762, -16.2205, -205.452]
[272.799, -47.3998, 125.356, -168.642, 92.8674, -53.2762, -16.2205, -205.452]
[272.799, -47.3998, 126.614, -168.642, 92.8674, -54.5341, -16.2205, -205.452]
[272.799, -47.3998, 126.614, -168.642, 95.0713, -54.5341, -18.4244, -205.452]
[272.799, -48.7083, 127.922, -168.642, 95.0713, -54.5341, -18.4244, -205.452]
[264.355, -48.7083, 127.922, -168.642, 95.0713, -46.0894, -18.4244, -205.452]
[266.139, -48.7083, 126.138, -168.642, 95.0713, -46.0894, -18.4244, -205.452]
[266.139, -46.6785, 126.138, -170.672, 95.0713, -46.0894, -18.4244, -205.452]
[266.248, -46.6785, 126.138, -170.781, 95.0713, -46.0894, -18.4244, -205.452]
[266.618, -46.6785, 126.138, -170.781, 95.0713, -46.4588, -18.4244, -205.452]
[267.954, -46.6785, 126.138, -170.781, 93.735, -46.4588, -18.4244, -205.452]
[267.954, -48.0004, 127.46, -170.781, 93.735, -46.4588, -18.4244, -205.452]
[267.954, -49.2929, 128.753, -170.781, 93.735, -46.4588, -18.4244, -205.452]
[267.954, -49.2929, 128.753, -171.362, 94.316, -46.4588, -18.4244, -205.452]
[267.954, -47.2962, 128.753, -173.359, 94.316, -46.4588, -18.4244, -205.452]
[267.954, -47.2962, 128.753, -174.894, 94.316, -46.4588, -16.889, -205.452]
[267.954, -47.2962, 128.753, -175.45, 94.8721, -46.4588, -16.889, -205.452]
[269.273, -47.2962, 128.753, -175.45, 93.5531, -46.4588, -16.889, -205.452]
[269.273, -47.2962, 128.753, -176.94, 93.5531, -46.4588, -15.399, -205.452]
[269.63, -47.2962, 128.753, -176.94, 93.5531, -46.8165, -15.399, -205.452]
[269.63, -47.2962, 128.753, -176.94, 95.2818, -48.5451, -15.399, -205.452]
[271.352, -47.2962, 127.031, -176.94, 95.2818, -48.5451, -15.399, -205.452]
[271.352, -47.2962, 127.031, -181.943, 95.2818, -48.5451, -15.399, -200.45]
[271.352, -47.2962, 127.031, -181.943, 96.963, -50.2263, -15.399, -200.45]
[271.352, -45.4868, 127.031, -183.753, 96.963, -50.2263, -15.399, -200.45]
[271.352, -45.4868, 127.031, -185.125, 96.963, -50.2263, -14.0262, -200.45]
[271.352, -46.812, 128.356, -185.125, 96.963, -50.2263, -14.0262, -200.45]
[271.352, -46.812, 128.722, -185.491, 96.963, -50.2263, -14.0262, -200.45]
[271.352, -46.812, 128.722, -178.527, 96.963, -57.1904, -14.0262, -200.45]
[271.352, -46.812, 128.722, -178.527, 99.1356, -57.1904, -16.1989, -200.45]
[271.352, -46.812, 128.722, -179.04, 99.6493, -57.1904, -16.1989, -200.45]
[271.352, -44.9676, 128.722, -180.885, 99.6493, -57.1904, -16.1989, -200.45]
[271.446, -44.9676, 128.722, -180.979, 99.6493, -57.1904, -16.1989, -200.45]
[271.446, -44.9676, 128.722, -180.979, 101.744, -57.1904, -18.2932, -200.45]
[271.446, -44.9676, 128.722, -180.979, 103.772, -57.1904, -20.3214, -200.45]
[271.446, -44.9676, 128.722, -177.022, 103.772, -57.1904, -20.3214, -204.407]
[271.446, -44.9676, 128.722, -177.022, 105.232, -58.6509, -20.3214, -204.407]
[271.446, -44.9676, 128.722, -177.022, 106.658, -60.0763, -20.3214, -204.407]
[271.446, -46.2797, 130.034, -177.022, 106.658, -60.0763, -20.3214, -204.407]
[271.446, -46.2797, 130.034, -178.535, 106.658, -60.0763, -18.8082, -204.407]
[272.861, -46.2797, 130.034, -178.535, 105.243, -60.0763, -18.8082, -204.407]
[272.861, -46.2797, 130.034, -178.535, 107.209, -60.0763, -20.7746, -204.407]
[272.861, -46.2797, 130.034, -170.246, 98.9206, -60.0763, -20.7746, -204.407]
[272.861, -47.5629, 131.317, -170.246, 98.9206, -60.0763, -20.7746, -204.407]
[272.861, -48.8181, 132.572, -170.246, 98.9206, -60.0763, -20.7746, -204.407]
[272.861, -48.8181, 133.686, -170.246, 98.9206, -61.1906, -20.7746, -204.407]
[273.161, -48.8181, 133.686, -170.246, 98.9206, -61.4904, -20.7746, -204.407]
[273.161, -48.8181, 133.686, -166.605, 98.9206, -61.4904, -20.7746, -208.048]
[273.161, -46.7546, 133.686, -168.669, 98.9206, -61.4904, -20.7746, -208.048]
[273.265, -46.7546, 133.686, -168.773, 98.9206, -61.4904, -20.7746, -208.048]
[275.005, -46.7546, 131.947, -168.773, 98.9206, -61.4904, -20.7746, -208.048]
[275.298, -46.7546, 131.947, -168.773, 98.9206, -61.7832, -20.7746, -208.048]
[275.589, -46.7546, 131.947, -168.773, 98.9206, -62.0744, -20.7746, -208.048]
[276.868, -46.7546, 131.947, -168.773, 97.6414, -62.0744, -20.7746, -208.048]
[276.868, -46.7546, 124.283, -168.773, 97.6414, -54.4108, -20.7746, -208.048]
[276.968, -46.7546, 124.283, -168.874, 97.6414, -54.4108, -20.7746, -208.048]
[278.219, -46.7546, 124.283, -168.874, 96.3909, -54.4108, -20.7746, -208.048]
[278.639, -46.7546, 124.283, -168.874, 96.3909, -54.4108, -21.1942, -208.048]
[278.639, -46.7546, 125.541, -168.874, 96.3909, -55.6681, -21.1942, -208.048]
[278.639, -48.0824, 126.868, -168.874, 96.3909, -55.6681, -21.1942, -208.048]
[278.639, -49.3805, 128.166, -168.874, 96.3909, -55.6681, -21.1942, -208.048]
[278.639, -49.3805, 128.166, -168.874, 97.9631, -57.2402, -21.1942, -208.048]
[278.639, -49.3805, 128.166, -174.104, 97.9631, -57.2402, -21.1942, -202.818]
[278.639, -49.3805, 128.166, -174.104, 100.005, -57.2402, -23.2362, -202.818]
[278.639, -49.3805, 128.166, -179.111, 100.005, -57.2402, -23.2362, -197.81]
[278.639, -49.3805, 128.166, -183.902, 100.005, -57.2402, -23.2362, -193.02]
[278.639, -49.3805, 128.166, -175.621, 91.7246, -57.2402, -23.2362, -193.02]
[278.933, -49.3805, 128.166, -175.621, 91.7246, -57.5348, -23.2362, -193.02]
[278.933, -49.3805, 128.166, -176.187, 92.2905, -57.5348, -23.2362, -193.02]
[279.025, -49.3805, 128.166, -176.279, 92.2905, -57.5348, -23.2362, -193.02]
[279.317, -49.3805, 128.166, -176.279, 92.2905, -57.8274, -23.2362, -193.02]
[279.317, -47.6968, 128.166, -176.279, 92.2905, -57.8274, -23.2362, -194.703]
[280.488, -47.6968, 128.166, -176.279, 91.1203, -57.8274, -23.2362, -194.703]
[280.488, -47.6968, 120.582, -176.279, 91.1203, -50.2435, -23.2362, -194.703]
[280.889, -47.6968, 120.582, -176.279, 91.1203, -50.2435, -23.6374, -194.703]
[280.978, -47.6968, 120.582, -176.368, 91.1203, -50.2435, -23.6374, -194.703]
[280.978, -47.6968, 120.582, -181.151, 91.1203, -50.2435, -23.6374, -189.92]
[282.12, -47.6968, 120.582, -181.151, 89.9785, -50.2435, -23.6374, -189.92]
[282.12, -47.6968, 120.582, -185.726, 89.9785, -50.2435, -23.6374, -185.346]
[282.12, -47.6968, 120.582, -185.726, 91.7092, -51.9742, -23.6374, -185.346]
[282.12, -45.9354, 120.582, -187.487, 91.7092, -51.9742, -23.6374, -185.346]
[282.12, -45.9354, 120.582, -183.058, 91.7092, -51.9742, -23.6374, -189.775]
[282.12, -44.1613, 120.582, -184.832, 91.7092, -51.9742, -23.6374, -189.775]
[282.12, -44.1613, 120.977, -185.227, 91.7092, -51.9742, -23.6374, -189.775]
[282.12, -44.1613, 120.977, -180.944, 91.7092, -51.9742, -23.6374, -194.058]
[282.42, -44.1613, 120.977, -180.944, 91.7092, -52.2739, -23.6374, -194.058]
[282.742, -44.4835, 120.977, -180.944, 91.7092, -52.2739, -23.6374, -194.058]
[283.039, -44.4835, 120.977, -180.944, 91.7092, -52.5709, -23.6374, -194.058]
[283.039, -44.4835, 120.977, -180.944, 93.8115, -52.5709, -25.7396, -194.058]
[283.358, -44.8028, 120.977, -180.944, 93.8115, -52.5709, -25.7396, -194.058]
[283.358, -44.8028, 120.977, -176.849, 93.8115, -52.5709, -25.7396, -198.153]
[284.503, -44.8028, 120.977, -176.849, 92.6666, -52.5709, -25.7396, -198.153]
[284.503, -44.8028, 120.977, -176.849, 94.3287, -54.233, -25.7396, -198.153]
[284.503, -42.9557, 120.977, -178.696, 94.3287, -54.233, -25.7396, -198.153]
[285.933, -42.9557, 119.548, -178.696, 94.3287, -54.233, -25.7396, -198.153]
[285.933, -42.9557, 119.548, -183.503, 94.3287, -54.233, -25.7396, -193.346]
[285.933, -42.9557, 119.548, -188.101, 94.3287, -54.233, -25.7396, -188.748]
[285.933, -42.9557, 119.548, -188.101, 96.3565, -54.233, -27.7674, -188.748]
[286.215, -42.9557, 119.548, -188.101, 96.3565, -54.5156, -27.7674, -188.748]
[286.215, -42.9557, 119.548, -189.569, 96.3565, -54.5156, -26.2991, -188.748]
[286.29, -42.9557, 119.548, -189.644, 96.3565, -54.5156, -26.2991, -188.748]
[286.29, -42.9557, 119.548, -191.076, 96.3565, -54.5156, -24.8674, -188.748]
[286.29, -42.9557, 119.923, -191.451, 96.3565, -54.5156, -24.8674, -188.748]
[286.604, -43.2698, 119.923, -191.451, 96.3565, -54.5156, -24.8674, -188.748]
[286.604, -43.2698, 119.923, -187.01, 96.3565, -54.5156, -24.8674, -193.19]
[286.68, -43.2698, 119.923, -187.086, 96.3565, -54.5156, -24.8674, -193.19]
[286.68, -43.2698, 121.227, -187.086, 96.3565, -55.8194, -24.8674, -193.19]
[288.087, -43.2698, 119.82, -187.086, 96.3565, -55.8194, -24.8674, -193.19]
[288.087, -43.2698, 119.82, -182.837, 96.3565, -55.8194, -24.8674, -197.438]
[288.087, -43.2698, 119.82, -183.343, 96.8627, -55.8194, -24.8674, -197.438]
[288.087, -43.2698, 119.82, -183.343, 98.4268, -57.3835, -24.8674, -197.438]
[279.591, -43.2698, 119.82, -183.343, 98.4268, -48.8873, -24.8674, -197.438]
[279.676, -43.2698, 119.82, -183.428, 98.4268, -48.8873, -24.8674, -197.438]
[279.676, -41.5382, 119.82, -185.16, 98.4268, -48.8873, -24.8674, -197.438]
[279.676, -41.5382, 119.82, -189.811, 98.4268, -48.8873, -24.8674, -192.787]
[279.676, -41.5382, 120.199, -190.19, 98.4268, -48.8873, -24.8674, -192.787]
[279.676, -41.5382, 120.199, -194.629, 98.4268, -48.8873, -24.8674, -188.348]
[279.676, -41.5382, 120.199, -190.109, 98.4268, -48.8873, -24.8674, -192.868]
[279.992, -41.5382, 120.199, -190.109, 98.4268, -49.2034, -24.8674, -192.868]
[279.992, -41.5382, 120.199, -185.787, 98.4268, -49.2034, -24.8674, -197.19]
[280.389, -41.5382, 120.199, -185.787, 98.4268, -49.2034, -25.2642, -197.19]
[280.389, -41.5382, 120.199, -181.655, 98.4268, -49.2034, -25.2642, -201.323]
[280.389, -41.5382, 120.199, -181.655, 100.399, -49.2034, -27.236, -201.323]
[280.389, -41.5382, 120.199, -181.655, 102.311, -49.2034, -29.1482, -201.323]
[280.389, -41.5382, 120.199, -181.655, 103.89, -50.7826, -29.1482, -201.323]
[280.389, -41.5382, 120.199, -181.655, 105.429, -52.3214, -29.1482, -201.323]
[280.389, -41.5382, 120.199, -181.655, 106.929, -53.8214, -29.1482, -201.323]
[280.389, -41.5382, 121.508, -181.655, 106.929, -55.1299, -29.1482, -201.323]
[280.389, -48.5707, 121.508, -174.622, 106.929, -55.1299, -29.1482, -201.323]
[280.389, -48.5707, 121.508, -174.622, 108.376, -56.5771, -29.1482, -201.323]
[280.389, -48.5707, 121.508, -174.622, 110.145, -56.5771, -30.9167, -201.323]
[280.48, -48.5707, 121.508, -174.714, 110.145, -56.5771, -30.9167, -201.323]
[280.48, -48.5707, 121.508, -174.714, 111.536, -57.9689, -30.9167, -201.323]
[280.48, -48.5707, 121.939, -175.145, 111.536, -57.9689, -30.9167, -201.323]
[280.48, -46.6425, 121.939, -177.073, 111.536, -57.9689, -30.9167, -201.323]
[280.48, -46.6425, 121.939, -177.536, 112, -57.9689, -30.9167, -201.323]
[130.162, -46.6425, 121.939, -177.536, 262.318, -57.9689, -30.9167, -201.323]
[131.321, -46.6425, 121.939, -177.536, 262.318, -59.1279, -30.9167, -201.323]
[131.321, -46.6425, 123.171, -177.536, 262.318, -60.3599, -30.9167, -201.323]
[131.321, -46.6425, 121.425, -177.536, 264.063, -60.3599, -30.9167, -201.323]
[132.766, -46.6425, 121.425, -177.536, 264.063, -60.3599, -32.3618, -201.323]
[132.766, -46.6425, 121.845, -177.956, 264.063, -60.3599, -32.3618, -201.323]
[132.766, -46.6425, 121.845, -174.083, 264.063, -60.3599, -32.3618, -205.195]
[132.766, -46.6425, 122.166, -174.083, 264.063, -60.3599, -32.3618, -205.516]
[132.766, -44.7274, 122.166, -175.998, 264.063, -60.3599, -32.3618, -205.516]
[132.766, -44.7274, 122.166, -181.023, 264.063, -60.3599, -32.3618, -200.492]
[132.766, -44.7274, 122.166, -183.041, 264.063, -58.3414, -32.3618, -200.492]
[132.766, -44.7274, 122.166, -187.805, 264.063, -58.3414, -32.3618, -195.728]
[133.896, -44.7274, 122.166, -187.805, 264.063, -59.4708, -32.3618, -195.728]
[133.896, -44.7274, 122.166, -187.805, 264.395, -59.8026, -32.3618, -195.728]
[133.896, -43.036, 122.166, -189.496, 264.395, -59.8026, -32.3618, -195.728]
[133.896, -43.036, 120.463, -189.496, 266.098, -59.8026, -32.3618, -195.728]
[135.293, -43.036, 120.463, -189.496, 266.098, -59.8026, -33.759, -195.728]
[135.293, -41.3904, 120.463, -191.142, 266.098, -59.8026, -33.759, -195.728]
[135.293, -42.8401, 121.912, -191.142, 266.098, -59.8026, -33.759, -195.728]
[135.293, -42.8401, 122.279, -191.509, 266.098, -59.8026, -33.759, -195.728]
[135.293, -42.8401, 122.279, -193.361, 266.098, -57.9506, -33.759, -195.728]
[136.401, -42.8401, 122.279, -193.361, 266.098, -59.0591, -33.759, -195.728]
[136.714, -42.8401, 122.279, -193.673, 266.098, -59.0591, -33.759, -195.728]
[136.714, -50.0433, 122.279, -193.673, 266.098, -59.0591, -33.759, -188.525]
[128.26, -50.0433, 122.279, -185.219, 266.098, -59.0591, -33.759, -188.525]
[128.26, -50.0433, 122.654, -185.219, 266.098, -59.0591, -33.759, -188.9]
[128.26, -50.0433, 122.654, -186.799, 266.098, -59.0591, -32.1791, -188.9]
[128.26, -50.0433, 122.654, -186.893, 266.192, -59.0591, -32.1791, -188.9]
[128.613, -50.0433, 122.654, -186.893, 266.192, -59.0591, -32.1791, -189.252]
[128.971, -50.0433, 122.654, -187.251, 266.192, -59.0591, -32.1791, -189.252]
[128.971, -48.2703, 122.654, -189.024, 266.192, -59.0591, -32.1791, -189.252]
[128.971, -48.2703, 122.654, -193.412, 266.192, -59.0591, -32.1791, -184.865]
[130.131, -48.2703, 122.654, -193.412, 266.192, -60.2192, -32.1791, -184.865]
[130.131, -48.2703, 122.654, -193.412, 257.75, -51.7773, -32.1791, -184.865]
[128.219, -48.2703, 122.654, -193.412, 259.662, -51.7773, -32.1791, -184.865]
[128.219, -48.2703, 123.011, -193.768, 259.662, -51.7773, -32.1791, -184.865]
[128.219, -48.2703, 124.311, -193.768, 259.662, -53.0772, -32.1791, -184.865]
[128.219, -48.6557, 124.311, -193.768, 260.048, -53.0772, -32.1791, -184.865]
[128.219, -49.9759, 125.631, -193.768, 260.048, -53.0772, -32.1791, -184.865]
[128.219, -49.9759, 125.631, -197.955, 260.048, -53.0772, -32.1791, -180.678]
[128.219, -49.9759, 125.631, -193.195, 260.048, -53.0772, -32.1791, -185.438]
[128.219, -49.9759, 123.818, -193.195, 261.86, -53.0772, -32.1791, -185.438]
[128.219, -49.9759, 125.095, -193.195, 261.86, -54.354, -32.1791, -185.438]
[128.219, -49.9759, 125.444, -193.544, 261.86, -54.354, -32.1791, -185.438]
[128.219, -49.9759, 125.444, -197.749, 261.86, -54.354, -32.1791, -181.233]
[120.67, -49.9759, 125.444, -197.749, 261.86, -46.8054, -32.1791, -181.233]
[122.053, -49.9759, 125.444, -197.749, 261.86, -48.1884, -32.1791, -181.233]
[122.053, -50.3471, 125.444, -197.749, 262.232, -48.1884, -32.1791, -181.233]
[122.053, -50.3471, 125.444, -197.749, 262.608, -48.5647, -32.1791, -181.233]
[122.053, -50.3471, 125.444, -199.359, 262.608, -46.9551, -32.1791, -181.233]
[120.327, -50.3471, 125.444, -199.359, 264.334, -46.9551, -32.1791, -181.233]
[118.648, -50.3471, 125.444, -199.359, 266.013, -46.9551, -32.1791, -181.233]
[118.648, -50.3471, 125.444, -203.345, 266.013, -46.9551, -32.1791, -177.247]
[118.648, -41.938, 125.444, -203.345, 257.604, -46.9551, -32.1791, -177.247]
[118.648, -41.938, 125.444, -203.345, 258.001, -47.3531, -32.1791, -177.247]
[118.648, -41.938, 125.444, -203.345, 258.458, -47.3531, -32.6355, -177.247]
[118.648, -41.938, 123.611, -203.345, 260.291, -47.3531, -32.6355, -177.247]
[118.648, -41.938, 123.611, -203.345, 251.913, -38.9749, -32.6355, -177.247]
[118.648, -41.938, 123.611, -203.345, 243.629, -38.9749, -24.3521, -177.247]
[118.648, -40.4828, 123.611, -204.8, 243.629, -38.9749, -24.3521, -177.247]
[118.648, -40.4828, 123.927, -205.117, 243.629, -38.9749, -24.3521, -177.247]
[120.341, -40.4828, 123.927, -205.117, 243.629, -38.9749, -26.0446, -177.247]
[120.341, -41.9019, 125.346, -205.117, 243.629, -38.9749, -26.0446, -177.247]
[121.821, -41.9019, 125.346, -205.117, 243.629, -40.4556, -26.0446, -177.247]
[123.266, -41.9019, 125.346, -205.117, 243.629, -41.9002, -26.0446, -177.247]
[123.266, -41.9019, 125.346, -205.117, 235.341, -33.6124, -26.0446, -177.247]
[123.266, -42.4175, 125.346, -205.117, 235.857, -33.6124, -26.0446, -177.247]
[123.266, -42.4175, 125.346, -205.117, 236.412, -34.1671, -26.0446, -177.247]
[123.266, -43.7972, 126.726, -205.117, 236.412, -34.1671, -26.0446, -177.247]
[123.266, -43.7972, 126.726, -208.892, 236.412, -34.1671, -26.0446, -173.471]
[123.266, -44.2986, 126.726, -208.892, 236.913, -34.1671, -26.0446, -173.471]
[123.266, -44.2986, 126.726, -212.507, 236.913, -34.1671, -26.0446, -169.857]
[123.266, -44.2986, 126.726, -213.768, 236.913, -32.906, -26.0446, -169.857]
[124.786, -44.2986, 126.726, -213.768, 236.913, -34.4258, -26.0446, -169.857]
[124.786, -44.2986, 126.726, -208.438, 236.913, -34.4258, -26.0446, -175.186]
[124.786, -44.2986, 126.726, -208.438, 237.503, -34.4258, -26.6341, -175.186]
[125.088, -44.2986, 126.726, -208.741, 237.503, -34.4258, -26.6341, -175.186]
[125.088, -44.2986, 126.726, -208.84, 237.603, -34.4258, -26.6341, -175.186]
[125.088, -44.2986, 124.552, -208.84, 239.777, -34.4258, -26.6341, -175.186]
[125.088, -44.2986, 124.552, -208.84, 239.913, -34.4258, -26.6341, -175.322]
[125.388, -44.2986, 124.552, -209.141, 239.913, -34.4258, -26.6341, -175.322]
[125.687, -44.2986, 124.552, -209.439, 239.913, -34.4258, -26.6341, -175.322]
[125.687, -44.2986, 124.552, -213.081, 239.913, -34.4258, -26.6341, -171.68]
[125.687, -44.2986, 124.552, -216.569, 239.913, -34.4258, -26.6341, -168.192]
[125.964, -44.2986, 124.552, -216.846, 239.913, -34.4258, -26.6341, -168.192]
[127.529, -44.2986, 124.552, -216.846, 239.913, -34.4258, -28.1993, -168.192]
[129.054, -44.2986, 124.552, -216.846, 239.913, -34.4258, -29.7247, -168.192]
[129.054, -44.2986, 124.831, -217.125, 239.913, -34.4258, -29.7247, -168.192]
[129.054, -44.2986, 124.831, -217.125, 240.443, -34.9557, -29.7247, -168.192]
[129.054, -36.0144, 124.831, -217.125, 232.159, -34.9557, -29.7247, -168.192]
[129.054, -36.0144, 122.598, -217.125, 234.392, -34.9557, -29.7247, -168.192]
[129.054, -36.0144, 120.438, -217.125, 236.552, -34.9557, -29.7247, -168.192]
[129.054, -36.0144, 120.438, -217.125, 237.123, -34.9557, -30.2962, -168.192]
[129.054, -34.7829, 120.438, -218.357, 237.123, -34.9557, -30.2962, -168.192]
[129.054, -34.7829, 118.357, -218.357, 239.204, -34.9557, -30.2962, -168.192]
[129.054, -26.5499, 118.357, -218.357, 230.971, -34.9557, -30.2962, -168.192]
[129.054, -26.5499, 118.357, -219.564, 230.971, -33.7483, -30.2962, -168.192]
[129.054, -26.5499, 118.357, -219.564, 230.971, -31.9359, -30.2962, -170.005]
[129.054, -28.2165, 120.024, -219.564, 230.971, -31.9359, -30.2962, -170.005]
[129.054, -28.2165, 120.024, -222.882, 230.971, -31.9359, -30.2962, -166.687]
[129.054, -28.2165, 120.024, -222.882, 231.57, -31.9359, -30.895, -166.687]
[129.054, -28.2165, 120.299, -223.157, 231.57, -31.9359, -30.895, -166.687]
[129.054, -28.2165, 121.869, -223.157, 231.57, -33.5058, -30.895, -166.687]
[126.74, -28.2165, 121.869, -223.157, 233.884, -33.5058, -30.895, -166.687]
[124.504, -28.2165, 121.869, -223.157, 236.12, -33.5058, -30.895, -166.687]
[124.504, -28.2165, 121.869, -223.245, 236.208, -33.5058, -30.895, -166.687]
[124.504, -28.2165, 121.869, -223.333, 236.296, -33.5058, -30.895, -166.687]
[124.956, -28.2165, 121.869, -223.333, 236.296, -33.5058, -30.895, -167.139]
[124.956, -20.0329, 121.869, -223.333, 228.112, -33.5058, -30.895, -167.139]
[124.956, -20.7092, 121.869, -223.333, 228.788, -33.5058, -30.895, -167.139]
[124.956, -13.6428, 114.802, -223.333, 228.788, -33.5058, -30.895, -167.139]
[124.956, -13.6428, 114.802, -223.427, 228.883, -33.5058, -30.895, -167.139]
[122.666, -13.6428, 114.802, -223.427, 231.173, -33.5058, -30.895, -167.139]
[122.666, -13.6428, 114.802, -226.608, 231.173, -33.5058, -30.895, -163.958]
[122.666, -13.6428, 114.802, -229.66, 231.173, -33.5058, -30.895, -160.905]
[122.666, -13.6428, 114.802, -232.593, 231.173, -33.5058, -30.895, -157.973]
[122.666, -13.6428, 114.802, -233.622, 231.173, -33.5058, -29.8658, -157.973]
[122.908, -13.6428, 114.802, -233.864, 231.173, -33.5058, -29.8658, -157.973]
[122.908, -15.5429, 116.703, -233.864, 231.173, -33.5058, -29.8658, -157.973]
[122.908, -15.5429, 116.703, -236.659, 231.173, -33.5058, -29.8658, -155.178]
[115.66, -15.5429, 116.703, -236.659, 231.173, -26.2579, -29.8658, -155.178]
[115.66, -15.5429, 116.703, -230.584, 231.173, -26.2579, -29.8658, -161.253]
[115.926, -15.5429, 116.703, -230.85, 231.173, -26.2579, -29.8658, -161.253]
[115.926, -15.5429, 116.703, -233.766, 231.173, -26.2579, -29.8658, -158.337]
[115.926, -15.5429, 118.396, -233.766, 231.173, -27.9509, -29.8658, -158.337]
[122.587, -15.5429, 118.396, -233.766, 224.512, -27.9509, -29.8658, -158.337]
[122.587, -15.5429, 118.396, -236.57, 224.512, -27.9509, -29.8658, -155.533]
[122.587, -15.5429, 118.396, -236.57, 225.162, -28.6008, -29.8658, -155.533]
[122.822, -15.5429, 118.396, -236.805, 225.162, -28.6008, -29.8658, -155.533]
[124.402, -15.5429, 118.396, -236.805, 225.162, -30.1812, -29.8658, -155.533]
[124.402, -14.6785, 118.396, -237.669, 225.162, -30.1812, -29.8658, -155.533]
[124.402, -14.6785, 118.396, -240.347, 225.162, -30.1812, -29.8658, -152.856]
[124.402, -15.4085, 118.396, -240.347, 225.892, -30.1812, -29.8658, -152.856]
[124.402, -8.46548, 111.453, -240.347, 225.892, -30.1812, -29.8658, -152.856]
[122.071, -8.46548, 111.453, -240.347, 228.224, -30.1812, -29.8658, -152.856]
[122.071, -8.46548, 111.453, -242.926, 228.224, -30.1812, -29.8658, -150.277]
[122.071, -8.46548, 111.453, -242.926, 228.839, -30.7962, -29.8658, -150.277]
[122.071, -8.46548, 111.453, -243.856, 228.839, -30.7962, -28.9354, -150.277]
[122.071, -7.70509, 111.453, -244.616, 228.839, -30.7962, -28.9354, -150.277]
[122.071, -7.70509, 111.453, -247.072, 228.839, -30.7962, -28.9354, -147.821]
[122.071, -7.70509, 113.155, -247.072, 228.839, -32.4989, -28.9354, -147.821]
[122.071, -8.45751, 113.155, -247.072, 229.591, -32.4989, -28.9354, -147.821]
[119.841, -8.45751, 113.155, -247.072, 231.821, -32.4989, -28.9354, -147.821]
[121.409, -8.45751, 113.155, -247.072, 231.821, -34.0675, -28.9354, -147.821]
[123.004, -8.45751, 113.155, -247.072, 231.821, -34.0675, -30.5298, -147.821]
[123.004, -8.45751, 113.155, -249.442, 231.821, -34.0675, -30.5298, -145.451]
[123.004, -8.45751, 113.155, -242.967, 231.821, -34.0675, -30.5298, -151.927]
[123.004, -10.4613, 115.159, -242.967, 231.821, -34.0675, -30.5298, -151.927]
[123.004, -10.4613, 121.842, -242.967, 225.138, -34.0675, -30.5298, -151.927]
[123.004, -11.2202, 121.842, -242.967, 225.896, -34.0675, -30.5298, -151.927]
[124.557, -11.2202, 121.842, -242.967, 225.896, -34.0675, -32.083, -151.927]
[124.557, -11.2202, 123.365, -242.967, 225.896, -35.5906, -32.083, -151.927]
[124.557, -11.2202, 123.365, -234.282, 217.212, -35.5906, -32.083, -151.927]
[126.071, -11.2202, 123.365, -234.282, 217.212, -35.5906, -33.5969, -151.927]
[126.071, -11.2202, 123.365, -235.339, 217.212, -34.5337, -33.5969, -151.927]
[126.071, -11.2202, 123.365, -235.339, 209.107, -34.5337, -25.4922, -151.927]
[126.071, -13.0305, 125.176, -235.339, 209.107, -34.5337, -25.4922, -151.927]
[126.071, -13.8881, 125.176, -235.339, 209.965, -34.5337, -25.4922, -151.927]
[127.649, -13.8881, 125.176, -235.339, 209.965, -34.5337, -27.0707, -151.927]
[127.649, -14.7326, 125.176, -235.339, 210.809, -34.5337, -27.0707, -151.927]
[129.188, -14.7326, 125.176, -235.339, 210.809, -34.5337, -28.6088, -151.927]
[129.188, -14.7326, 125.408, -235.571, 210.809, -34.5337, -28.6088, -151.927]
[129.188, -14.7326, 126.881, -235.571, 210.809, -36.0067, -28.6088, -151.927]
[129.188, -14.7326, 126.881, -229.456, 210.809, -36.0067, -28.6088, -158.042]
[129.188, -14.7326, 127.122, -229.697, 210.809, -36.0067, -28.6088, -158.042]
[129.188, -14.7326, 127.122, -232.573, 210.809, -36.0067, -28.6088, -155.166]
[129.417, -14.7326, 127.122, -232.803, 210.809, -36.0067, -28.6088, -155.166]
[126.725, -14.7326, 127.122, -232.803, 213.5, -36.0067, -28.6088, -155.166]
[126.725, -16.4407, 128.83, -232.803, 213.5, -36.0067, -28.6088, -155.166]
[126.725, -16.4407, 128.83, -232.803, 214.168, -36.6746, -28.6088, -155.166]
[126.725, -16.4407, 128.83, -232.803, 206.063, -28.5697, -28.6088, -155.166]
[126.725, -16.4407, 128.83, -226.8, 206.063, -28.5697, -28.6088, -161.169]
[126.725, -16.4407, 128.83, -227.861, 206.063, -28.5697, -27.5473, -161.169]
[126.725, -17.2955, 128.83, -227.861, 206.918, -28.5697, -27.5473, -161.169]
[126.725, -17.2955, 128.83, -219.208, 198.265, -28.5697, -27.5473, -161.169]
[123.847, -17.2955, 128.83, -219.208, 201.144, -28.5697, -27.5473, -161.169]
[123.847, -17.2955, 128.83, -219.208, 201.952, -28.5697, -28.3555, -161.169]
[123.847, -17.2955, 128.83, -219.208, 202.748, -28.5697, -29.152, -161.169]
[123.847, -18.1694, 128.83, -219.208, 203.622, -28.5697, -29.152, -161.169]
[123.847, -19.8079, 130.469, -219.208, 203.622, -28.5697, -29.152, -161.169]
[123.847, -20.6555, 130.469, -219.208, 204.47, -28.5697, -29.152, -161.169]
[115.357, -20.6555, 130.469, -210.719, 204.47, -28.5697, -29.152, -161.169]
[117.029, -20.6555, 130.469, -210.719, 204.47, -28.5697, -30.8239, -161.169]
[117.029, -20.6555, 130.469, -205.272, 204.47, -28.5697, -30.8239, -166.615]
[117.029, -21.4903, 130.469, -205.272, 205.305, -28.5697, -30.8239, -166.615]
[117.029, -21.4903, 130.469, -205.272, 206.06, -28.5697, -31.5792, -166.615]
[118.646, -21.4903, 130.469, -205.272, 206.06, -28.5697, -33.1963, -166.615]
[118.646, -23.0637, 132.042, -205.272, 206.06, -28.5697, -33.1963, -166.615]
[118.646, -23.0637, 132.333, -205.563, 206.06, -28.5697, -33.1963, -166.615]
[120.221, -23.0637, 132.333, -205.563, 206.06, -28.5697, -34.7713, -166.615]
[120.221, -23.0637, 132.622, -205.852, 206.06, -28.5697, -34.7713, -166.615]
[120.221, -23.0637, 132.909, -206.139, 206.06, -28.5697, -34.7713, -166.615]
[120.221, -23.0637, 125.599, -206.139, 206.06, -21.2593, -34.7713, -166.615]
[117.612, -23.0637, 125.599, -206.139, 208.669, -21.2593, -34.7713, -166.615]
[117.612, -23.0637, 125.599, -207.477, 208.669, -21.2593, -33.433, -166.615]
[117.612, -21.8668, 125.599, -208.674, 208.669, -21.2593, -33.433, -166.615]
[117.612, -21.8668, 125.599, -212.148, 208.669, -21.2593, -33.433, -163.141]
[117.612, -21.8668, 125.599, -212.148, 209.384, -21.2593, -34.1481, -163.141]
[117.612, -21.8668, 125.599, -212.148, 210.178, -22.0533, -34.1481, -163.141]
[117.612, -21.8668, 125.599, -213.413, 210.178, -22.0533, -32.8833, -163.141]
[117.612, -17.4886, 125.599, -213.413, 210.178, -26.4316, -32.8833, -163.141]
[117.612, -16.4057, 125.599, -214.496, 210.178, -26.4316, -32.8833, -163.141]
[117.612, -16.4057, 125.599, -217.777, 210.178, -26.4316, -32.8833, -159.86]
[117.612, -16.4057, 125.599, -217.777, 210.178, -30.9552, -28.3597, -159.86]
[117.612, -16.4057, 125.599, -217.777, 210.899, -31.6766, -28.3597, -159.86]
[117.908, -16.4057, 125.599, -218.073, 210.899, -31.6766, -28.3597, -159.86]
[117.908, -16.4057, 125.599, -218.073, 211.611, -32.3886, -28.3597, -159.86]
[117.908, -16.4057, 125.599, -218.073, 211.611, -36.6826, -24.0656, -159.86]
[117.908, -16.4057, 125.599, -212.45, 211.611, -36.6826, -24.0656, -165.483]
[117.908, -16.4057, 125.599, -215.822, 211.611, -36.6826, -24.0656, -162.111]
[117.908, -16.4057, 125.878, -216.101, 211.611, -36.6826, -24.0656, -162.111]
[117.908, -16.4057, 125.878, -207.456, 202.967, -36.6826, -24.0656, -162.111]
[117.908, -16.4057, 125.878, -207.598, 203.109, -36.6826, -24.0656, -162.111]
[117.908, -16.4057, 125.878, -202.236, 203.109, -36.6826, -24.0656, -167.473]
[117.908, -16.4057, 125.878, -202.386, 203.259, -36.6826, -24.0656, -167.473]
[117.908, -16.4057, 125.878, -202.386, 203.259, -40.7889, -19.9594, -167.473]
[115.29, -16.4057, 125.878, -202.386, 205.877, -40.7889, -19.9594, -167.473]
[115.29, -16.4057, 126.195, -202.703, 205.877, -40.7889, -19.9594, -167.473]
[115.29, -16.4057, 126.51, -203.018, 205.877, -40.7889, -19.9594, -167.473]
[115.639, -16.4057, 126.51, -203.367, 205.877, -40.7889, -19.9594, -167.473]
[115.639, -8.49753, 126.51, -203.367, 197.968, -40.7889, -19.9594, -167.473]
[115.986, -8.49753, 126.51, -203.713, 197.968, -40.7889, -19.9594, -167.473]
[115.986, -8.49753, 127.895, -203.713, 197.968, -42.1739, -19.9594, -167.473]
[115.986, -8.49753, 127.895, -198.546, 197.968, -42.1739, -19.9594, -172.641]
[115.986, -8.49753, 127.895, -198.546, 198.859, -42.1739, -20.8501, -172.641]
[115.986, -8.49753, 127.895, -199.814, 198.859, -42.1739, -19.582, -172.641]
[117.782, -8.49753, 127.895, -199.814, 198.859, -42.1739, -21.3783, -172.641]
[117.782, -8.49753, 127.895, -199.973, 199.019, -42.1739, -21.3783, -172.641]
[118.133, -8.49753, 127.895, -200.324, 199.019, -42.1739, -21.3783, -172.641]
[118.133, -8.49753, 129.248, -200.324, 199.019, -43.527, -21.3783, -172.641]
[118.133, -8.49753, 129.248, -201.579, 199.019, -43.527, -20.1237, -172.641]
[118.133, -8.49753, 129.248, -196.567, 199.019, -43.527, -20.1237, -177.653]
[119.585, -8.49753, 129.248, -196.567, 199.019, -44.979, -20.1237, -177.653]
[119.585, -10.2629, 131.013, -196.567, 199.019, -44.979, -20.1237, -177.653]
[119.585, -10.2629, 131.013, -197.848, 199.019, -44.979, -18.842, -177.653]
[119.585, -11.2252, 131.013, -197.848, 199.981, -44.979, -18.842, -177.653]
[119.937, -11.2252, 131.013, -198.2, 199.981, -44.979, -18.842, -177.653]
[119.937, -11.2252, 131.013, -198.2, 200.865, -44.979, -19.7256, -177.653]
[119.937, -11.2252, 131.013, -199.757, 200.865, -43.4218, -19.7256, -177.653]
[119.937, -11.2252, 131.013, -194.893, 200.865, -43.4218, -19.7256, -182.518]
[119.937, -11.2252, 132.317, -194.893, 200.865, -44.7257, -19.7256, -182.518]
[119.937, -12.1638, 132.317, -194.893, 201.803, -44.7257, -19.7256, -182.518]
[119.937, -12.1638, 132.638, -195.213, 201.803, -44.7257, -19.7256, -182.518]
[119.937, -13.8317, 134.305, -195.213, 201.803, -44.7257, -19.7256, -182.518]
[119.937, -13.8317, 134.305, -190.553, 201.803, -44.7257, -19.7256, -187.178]
[117.254, -13.8317, 134.305, -190.553, 204.486, -44.7257, -19.7256, -187.178]
[117.254, -13.8317, 134.633, -190.881, 204.486, -44.7257, -19.7256, -187.178]
[114.671, -13.8317, 134.633, -190.881, 207.069, -44.7257, -19.7256, -187.178]
[114.671, -14.6989, 134.633, -190.881, 207.937, -44.7257, -19.7256, -187.178]
[114.671, -14.6989, 135.883, -190.881, 207.937, -45.9758, -19.7256, -187.178]
[114.671, -14.6989, 133.015, -190.881, 210.805, -45.9758, -19.7256, -187.178]
[114.671, -14.6989, 130.256, -190.881, 213.564, -45.9758, -19.7256, -187.178]
[116.135, -14.6989, 130.256, -190.881, 213.564, -47.4402, -19.7256, -187.178]
[117.927, -14.6989, 130.256, -190.881, 213.564, -47.4402, -21.5177, -187.178]
[117.927, -14.6989, 130.256, -195.182, 213.564, -47.4402, -21.5177, -182.877]
[117.927, -14.6989, 130.256, -195.182, 213.564, -51.2577, -17.7002, -182.877]
[117.927, -14.6989, 130.256, -190.53, 213.564, -51.2577, -17.7002, -187.528]
[117.927, -13.4105, 130.256, -191.819, 213.564, -51.2577, -17.7002, -187.528]
[117.927, -13.4105, 130.256, -191.819, 214.353, -51.2577, -18.4897, -187.528]
[117.927, -13.4105, 130.256, -191.819, 214.353, -46.1637, -23.5837, -187.528]
[117.927, -13.4105, 130.256, -193.193, 214.353, -46.1637, -22.2095, -187.528]
[119.659, -13.4105, 130.256, -193.193, 214.353, -46.1637, -23.9414, -187.528]
[119.659, -12.1649, 130.256, -194.438, 214.353, -46.1637, -23.9414, -187.528]
[119.659, -12.1649, 130.256, -195.786, 214.353, -46.1637, -22.5933, -187.528]
[121.061, -12.1649, 130.256, -195.786, 214.353, -47.566, -22.5933, -187.528]
[121.061, -12.1649, 130.256, -199.988, 214.353, -47.566, -22.5933, -183.327]
[121.061, -12.1649, 130.256, -204.006, 214.353, -47.566, -22.5933, -179.309]
[121.061, -12.9892, 130.256, -204.006, 215.178, -47.566, -22.5933, -179.309]
[121.061, -12.9892, 130.256, -207.85, 215.178, -47.566, -22.5933, -175.465]
[121.061, -14.6783, 131.945, -207.85, 215.178, -47.566, -22.5933, -175.465]
[121.061, -14.6783, 131.945, -209.319, 215.178, -46.0972, -22.5933, -175.465]
[121.061, -15.478, 131.945, -209.319, 215.977, -46.0972, -22.5933, -175.465]
[121.061, -15.478, 138.067, -209.319, 209.855, -46.0972, -22.5933, -175.465]
[121.061, -15.478, 138.067, -209.319, 210.636, -46.0972, -23.3743, -175.465]
[121.061, -15.478, 138.067, -209.319, 210.636, -49.9838, -19.4878, -175.465]
[121.061, -15.478, 135.209, -209.319, 213.495, -49.9838, -19.4878, -175.465]
[122.788, -15.478, 135.209, -209.319, 213.495, -49.9838, -21.2139, -175.465]
[122.788, -15.478, 135.48, -209.59, 213.495, -49.9838, -21.2139, -175.465]
[124.11, -15.478, 135.48, -209.59, 213.495, -51.3062, -21.2139, -175.465]
[124.11, -15.478, 135.749, -209.859, 213.495, -51.3062, -21.2139, -175.465]
[124.11, -11.8725, 135.749, -209.859, 213.495, -54.9118, -21.2139, -175.465]
[124.11, -11.8725, 135.749, -211.394, 213.495, -53.3765, -21.2139, -175.465]
[124.11, -11.8725, 135.749, -211.518, 213.618, -53.3765, -21.2139, -175.465]
[124.11, -11.8725, 132.992, -211.518, 216.375, -53.3765, -21.2139, -175.465]
[124.11, -10.8244, 132.992, -212.566, 216.375, -53.3765, -21.2139, -175.465]
[124.11, -10.8244, 132.992, -216.144, 216.375, -53.3765, -21.2139, -171.886]
[125.38, -10.8244, 132.992, -216.144, 216.375, -54.6468, -21.2139, -171.886]
[125.38, -10.8244, 132.992, -216.259, 216.49, -54.6468, -21.2139, -171.886]
[125.38, -2.87815, 132.992, -216.259, 208.544, -54.6468, -21.2139, -171.886]
[127.024, -2.87815, 132.992, -216.259, 208.544, -54.6468, -22.8578, -171.886]
[119.86, -2.87815, 132.992, -216.259, 208.544, -54.6468, -15.6936, -171.886]
[119.86, -2.87815, 132.992, -217.712, 208.544, -53.1942, -15.6936, -171.886]
[119.86, -2.87815, 132.992, -212.342, 208.544, -53.1942, -15.6936, -177.255]
[119.86, -2.87815, 132.992, -213.418, 208.544, -53.1942, -14.6176, -177.255]
[119.86, 0.424355, 132.992, -213.418, 208.544, -56.4967, -14.6176, -177.255]
[119.86, 0.424355, 132.992, -213.418, 209.122, -57.0748, -14.6176, -177.255]
[119.86, 0.424355, 132.992, -217.017, 209.122, -57.0748, -14.6176, -173.657]
[119.86, -1.41513, 134.831, -217.017, 209.122, -57.0748, -14.6176, -173.657]
[121.136, -1.41513, 134.831, -217.017, 209.122, -58.3512, -14.6176, -173.657]
[121.136, -3.20172, 136.618, -217.017, 209.122, -58.3512, -14.6176, -173.657]
[121.136, -3.20172, 136.618, -217.017, 209.122, -53.0256, -19.9432, -173.657]
[121.136, -3.20172, 136.866, -217.265, 209.122, -53.0256, -19.9432, -173.657]
[121.136, 0.110923, 136.866, -217.265, 209.122, -56.3382, -19.9432, -173.657]
[121.136, 0.110923, 136.866, -217.265, 209.927, -56.3382, -20.7487, -173.657]
[122.844, 0.110923, 136.866, -217.265, 209.927, -56.3382, -22.4564, -173.657]
[129.022, 0.110923, 136.866, -217.265, 203.749, -56.3382, -22.4564, -173.657]
[129.022, -1.66844, 138.645, -217.265, 203.749, -56.3382, -22.4564, -173.657]
[129.022, -1.66844, 138.645, -209.961, 203.749, -63.6419, -22.4564, -173.657]
[129.022, -1.66844, 138.645, -204.792, 203.749, -63.6419, -22.4564, -178.826]
[129.022, -1.66844, 138.645, -206.51, 203.749, -61.924, -22.4564, -178.826]
[129.022, -1.66844, 138.645, -210.289, 203.749, -61.924, -22.4564, -175.047]
[130.153, -1.66844, 138.645, -210.289, 203.749, -63.055, -22.4564, -175.047]
[130.435, -1.66844, 138.645, -210.571, 203.749, -63.055, -22.4564, -175.047]
[130.435, -3.39787, 140.375, -210.571, 203.749, -63.055, -22.4564, -175.047]
[130.435, -3.39787, 140.375, -212.203, 203.749, -61.4234, -22.4564, -175.047]
[130.435, -3.39787, 140.625, -212.453, 203.749, -61.4234, -22.4564, -175.047]
[130.435, -3.39787, 140.625, -212.453, 204.575, -61.4234, -23.2831, -175.047]
[127.607, -3.39787, 140.625, -212.453, 207.404, -61.4234, -23.2831, -175.047]
[127.607, -3.39787, 140.875, -212.703, 207.404, -61.4234, -23.2831, -175.047]
[127.607, -3.39787, 137.899, -212.703, 210.38, -61.4234, -23.2831, -175.047]
[127.889, -3.39787, 137.899, -212.985, 210.38, -61.4234, -23.2831, -175.047]
[127.889, -3.39787, 137.899, -213.11, 210.505, -61.4234, -23.2831, -175.047]
[127.889, -2.43922, 137.899, -214.069, 210.505, -61.4234, -23.2831, -175.047]
[127.889, -3.37062, 137.899, -214.069, 211.436, -61.4234, -23.2831, -175.047]
[127.889, -3.37062, 137.899, -215.201, 211.436, -61.4234, -22.1505, -175.047]
[127.889, -3.37062, 135.059, -215.201, 214.276, -61.4234, -22.1505, -175.047]
[129.036, -3.37062, 135.059, -215.201, 214.276, -62.5706, -22.1505, -175.047]
[129.036, -3.37062, 135.059, -215.319, 214.394, -62.5706, -22.1505, -175.047]
[130.161, -3.37062, 135.059, -215.319, 214.394, -63.6951, -22.1505, -175.047]
[130.161, -3.37062, 135.059, -215.319, 214.394, -63.6951, -20.5891, -176.608]
[130.161, -3.37062, 135.059, -215.319, 215.157, -63.6951, -21.3523, -176.608]
[130.161, -2.4309, 135.059, -216.259, 215.157, -63.6951, -21.3523, -176.608]
[130.161, -2.4309, 135.059, -216.375, 215.273, -63.6951, -21.3523, -176.608]
[127.538, -2.4309, 135.059, -216.375, 217.896, -63.6951, -21.3523, -176.608]
[127.538, -4.19987, 136.828, -216.375, 217.896, -63.6951, -21.3523, -176.608]
[127.538, -4.19987, 136.828, -216.375, 217.896, -67.1633, -17.8842, -176.608]
[129.198, -4.19987, 136.828, -216.375, 217.896, -67.1633, -19.5438, -176.608]
[129.198, -4.19987, 136.828, -217.449, 217.896, -67.1633, -18.4695, -176.608]
[129.198, -4.19987, 136.828, -220.949, 217.896, -67.1633, -18.4695, -173.108]
[129.198, -4.19987, 134.13, -220.949, 220.593, -67.1633, -18.4695, -173.108]
[129.198, -4.19987, 134.13, -220.949, 221.06, -67.6302, -18.4695, -173.108]
[129.198, -5.03361, 134.13, -220.949, 221.894, -67.6302, -18.4695, -173.108]
[130.828, -5.03361, 134.13, -220.949, 221.894, -67.6302, -20.0991, -173.108]
[130.828, -5.03361, 134.13, -220.949, 213.588, -59.3247, -20.0991, -173.108]
[130.828, -5.03361, 134.13, -220.949, 214.125, -59.8618, -20.0991, -173.108]
[130.828, -5.03361, 134.13, -220.949, 214.657, -60.3934, -20.0991, -173.108]
[130.828, -5.03361, 134.13, -221.06, 214.768, -60.3934, -20.0991, -173.108]
[130.828, -5.03361, 134.13, -215.646, 214.768, -60.3934, -20.0991, -178.522]
[130.828, -5.03361, 134.13, -219.225, 214.768, -60.3934, -20.0991, -174.944]
[130.828, -4.11254, 134.13, -220.146, 214.768, -60.3934, -20.0991, -174.944]
[130.828, -3.20654, 134.13, -221.052, 214.768, -60.3934, -20.0991, -174.944]
[130.828, -3.20654, 134.13, -222.516, 214.768, -58.9292, -20.0991, -174.944]
[136.948, -3.20654, 134.13, -222.516, 208.647, -58.9292, -20.0991, -174.944]
[136.948, 4.61759, 134.13, -222.516, 200.823, -58.9292, -20.0991, -174.944]
[136.948, 4.61759, 131.158, -222.516, 203.796, -58.9292, -20.0991, -174.944]
[137.183, 4.61759, 131.158, -222.75, 203.796, -58.9292, -20.0991, -174.944]
[137.183, 4.61759, 131.158, -226.104, 203.796, -58.9292, -20.0991, -171.589]
[137.183, 4.61759, 131.158, -226.104, 203.796, -62.4712, -16.5571, -171.589]
[137.183, 4.61759, 131.158, -220.556, 203.796, -62.4712, -16.5571, -177.137]
[137.183, 7.58265, 131.158, -220.556, 203.796, -65.4363, -16.5571, -177.137]
[137.183, 7.58265, 131.41, -220.809, 203.796, -65.4363, -16.5571, -177.137]
[134.208, 7.58265, 131.41, -220.809, 206.77, -65.4363, -16.5571, -177.137]
[134.208, 7.58265, 131.41, -220.809, 207.619, -65.4363, -17.4055, -177.137]
[134.208, 7.58265, 131.41, -220.809, 208.155, -65.9726, -17.4055, -177.137]
[131.376, 7.58265, 131.41, -220.809, 210.987, -65.9726, -17.4055, -177.137]
[131.376, 5.61292, 133.38, -220.809, 210.987, -65.9726, -17.4055, -177.137]
[131.376, 4.6166, 133.38, -220.809, 211.983, -65.9726, -17.4055, -177.137]
[131.376, 4.6166, 134.431, -220.809, 211.983, -67.0234, -17.4055, -177.137]
[131.376, 4.6166, 134.675, -221.053, 211.983, -67.0234, -17.4055, -177.137]
[131.376, 4.6166, 134.675, -221.167, 212.097, -67.0234, -17.4055, -177.137]
[131.376, 4.6166, 134.675, -222.713, 212.097, -65.4779, -17.4055, -177.137]
[131.376, 4.6166, 134.675, -217.348, 212.097, -65.4779, -17.4055, -182.501]
[131.376, 4.6166, 134.675, -217.348, 212.097, -68.8267, -14.0567, -182.501]
[131.376, 4.6166, 134.675, -217.348, 212.595, -69.3248, -14.0567, -182.501]
[131.376, 4.6166, 134.927, -217.6, 212.595, -69.3248, -14.0567, -182.501]
[131.376, 2.74409, 136.799, -217.6, 212.595, -69.3248, -14.0567, -182.501]
[131.376, 5.61224, 136.799, -217.6, 212.595, -72.193, -14.0567, -182.501]
[131.376, 5.61224, 136.799, -217.6, 213.076, -72.6732, -14.0567, -182.501]
[131.376, 6.46156, 136.799, -218.45, 213.076, -72.6732, -14.0567, -182.501]
[131.376, 6.46156, 136.799, -218.565, 213.191, -72.6732, -14.0567, -182.501]
[131.376, 6.46156, 136.799, -209.916, 204.542, -72.6732, -14.0567, -182.501]
[131.376, 6.46156, 136.799, -204.937, 204.542, -72.6732, -14.0567, -187.481]
[131.376, 6.46156, 136.799, -204.937, 205.427, -72.6732, -14.9421, -187.481]
[131.376, 6.46156, 136.799, -204.937, 205.427, -75.8245, -11.7907, -187.481]
[131.376, 6.46156, 136.799, -206.046, 205.427, -75.8245, -10.6812, -187.481]
[131.376, 6.46156, 136.799, -207.92, 205.427, -73.9507, -10.6812, -187.481]
[131.376, 6.46156, 136.799, -208.99, 205.427, -73.9507, -9.61078, -187.481]
[131.376, 6.46156, 136.799, -210.794, 205.427, -72.1469, -9.61078, -187.481]
[131.376, 6.46156, 136.799, -210.794, 206.341, -72.1469, -10.5249, -187.481]
[131.376, 4.58946, 138.671, -210.794, 206.341, -72.1469, -10.5249, -187.481]
[131.376, 4.58946, 135.718, -210.794, 209.295, -72.1469, -10.5249, -187.481]
[131.376, 4.58946, 135.718, -210.794, 209.791, -72.6425, -10.5249, -187.481]
[131.376, 4.58946, 135.718, -212.554, 209.791, -70.8829, -10.5249, -187.481]
[123.636, 4.58946, 135.718, -212.554, 209.791, -63.1424, -10.5249, -187.481]
[123.636, 4.58946, 135.718, -212.554, 201.898, -63.1424, -2.63204, -187.481]
[123.636, 4.58946, 135.718, -216.39, 201.898, -63.1424, -2.63204, -183.645]
[120.886, 4.58946, 135.718, -216.39, 204.648, -63.1424, -2.63204, -183.645]
