[312.036, 161.294, 12.5531, -196.845, 148.255, -74.7645, -44.3161, -318.234]
[312.036, 161.294, 12.5531, -192.96, 148.255, -74.7645, -44.3161, -322.119]
[312.383, 161.294, 12.5531, -192.96, 148.255, -75.1117, -44.3161, -322.119]
[312.383, 162.752, 12.5531, -192.96, 148.255, -76.5697, -44.3161, -322.119]
[312.383, 162.752, 14.4788, -194.886, 148.255, -76.5697, -44.3161, -322.119]
[312.489, 162.752, 14.4788, -194.992, 148.255, -76.5697, -44.3161, -322.119]
[312.489, 162.752, 14.4788, -198.966, 148.255, -72.5957, -44.3161, -322.119]
[312.489, 162.752, 16.2732, -200.76, 148.255, -72.5957, -44.3161, -322.119]
[315.59, 159.651, 16.2732, -200.76, 148.255, -72.5957, -44.3161, -322.119]
[316.041, 159.651, 16.2732, -200.76, 148.255, -72.5957, -44.7676, -322.119]
[316.041, 159.651, 16.2732, -201.262, 148.757, -72.5957, -44.7676, -322.119]
[318.722, 159.651, 16.2732, -201.262, 146.076, -72.5957, -44.7676, -322.119]
[318.815, 159.651, 16.2732, -201.355, 146.076, -72.5957, -44.7676, -322.119]
[318.815, 160.098, 16.2732, -201.802, 146.076, -72.5957, -44.7676, -322.119]
[319.147, 160.098, 16.2732, -201.802, 146.076, -72.9276, -44.7676, -322.119]
[319.147, 160.098, 16.2732, -201.802, 146.076, -72.9276, -43.7708, -323.115]
[319.147, 160.098, 16.2732, -201.802, 147.783, -74.6347, -43.7708, -323.115]
[319.147, 160.098, 16.2732, -204.698, 147.783, -74.6347, -40.8746, -323.115]
[304.775, 160.098, 16.2732, -204.698, 162.155, -74.6347, -40.8746, -323.115]
[304.775, 160.098, 17.9504, -206.375, 162.155, -74.6347, -40.8746, -323.115]
[304.775, 160.098, 17.9504, -209.958, 162.155, -71.0516, -40.8746, -323.115]
[304.775, 161.627, 17.9504, -209.958, 162.155, -72.5811, -40.8746, -323.115]
[304.807, 161.627, 17.9504, -209.958, 162.155, -72.5811, -40.8746, -323.147]
[304.807, 161.627, 17.9504, -210.359, 162.555, -72.5811, -40.8746, -323.147]
[304.807, 164.885, 14.693, -210.359, 162.555, -72.5811, -40.8746, -323.147]
[304.905, 164.885, 14.693, -210.457, 162.555, -72.5811, -40.8746, -323.147]
[304.905, 167.974, 11.6036, -210.457, 162.555, -72.5811, -40.8746, -323.147]
[304.905, 167.974, 11.6036, -213.87, 162.555, -69.1684, -40.8746, -323.147]
[304.905, 169.422, 11.6036, -213.87, 162.555, -70.6165, -40.8746, -323.147]
[304.905, 169.422, 11.6036, -213.87, 164.057, -72.1181, -40.8746, -323.147]
[305.423, 169.422, 11.6036, -213.87, 164.057, -72.1181, -41.3925, -323.147]
[305.423, 169.422, 11.6036, -214.248, 164.436, -72.1181, -41.3925, -323.147]
[305.423, 169.422, 13.2085, -215.853, 164.436, -72.1181, -41.3925, -323.147]
[305.423, 169.422, 13.2085, -215.853, 166.356, -72.1181, -43.3129, -323.147]
[305.514, 169.422, 13.2085, -215.945, 166.356, -72.1181, -43.3129, -323.147]
[308.976, 165.961, 13.2085, -215.945, 166.356, -72.1181, -43.3129, -323.147]
[309.065, 165.961, 13.2085, -216.034, 166.356, -72.1181, -43.3129, -323.147]
[309.065, 165.961, 13.2085, -216.034, 167.787, -73.5487, -43.3129, -323.147]
[309.902, 165.961, 12.3717, -216.034, 167.787, -73.5487, -43.3129, -323.147]
[310.725, 165.961, 11.5482, -216.034, 167.787, -73.5487, -43.3129, -323.147]
[311.536, 165.961, 10.7374, -216.034, 167.787, -73.5487, -43.3129, -323.147]
[311.622, 165.961, 10.7374, -216.12, 167.787, -73.5487, -43.3129, -323.147]
[311.622, 165.961, 10.7374, -218.678, 167.787, -73.5487, -40.7545, -323.147]
[314.875, 165.961, 10.7374, -218.678, 164.533, -73.5487, -40.7545, -323.147]
[317.961, 165.961, 10.7374, -218.678, 161.448, -73.5487, -40.7545, -323.147]
[317.961, 165.961, 12.2912, -220.232, 161.448, -73.5487, -40.7545, -323.147]
[317.961, 167.378, 12.2912, -220.232, 161.448, -74.9658, -40.7545, -323.147]
[317.961, 170.345, 9.32361, -220.232, 161.448, -74.9658, -40.7545, -323.147]
[317.961, 171.689, 9.32361, -220.232, 161.448, -76.3093, -40.7545, -323.147]
[317.961, 171.689, 9.32361, -220.232, 163.431, -76.3093, -42.7375, -323.147]
[317.961, 171.689, 9.32361, -220.232, 164.845, -77.7234, -42.7375, -323.147]
[318.279, 171.689, 9.32361, -220.232, 164.845, -78.0417, -42.7375, -323.147]
[318.279, 171.689, 9.32361, -215.767, 164.845, -78.0417, -42.7375, -327.612]
[318.279, 174.482, 6.53003, -215.767, 164.845, -78.0417, -42.7375, -327.612]
[318.279, 174.482, 6.53003, -215.767, 166.736, -78.0417, -44.6281, -327.612]
[318.279, 175.739, 6.53003, -215.767, 166.736, -79.2986, -44.6281, -327.612]
[318.279, 176.967, 6.53003, -215.767, 166.736, -80.5267, -44.6281, -327.612]
[318.279, 177.076, 6.53003, -215.767, 166.736, -80.5267, -44.6281, -327.721]
[318.279, 177.076, 6.53003, -218.362, 166.736, -80.5267, -42.0333, -327.721]
[318.279, 177.076, 6.53003, -218.715, 167.089, -80.5267, -42.0333, -327.721]
[321.343, 177.076, 6.53003, -218.715, 164.025, -80.5267, -42.0333, -327.721]
[321.78, 177.076, 6.53003, -218.715, 164.025, -80.5267, -42.4699, -327.721]
[322.213, 177.076, 6.53003, -218.715, 164.025, -80.5267, -42.9027, -327.721]
[322.642, 177.076, 6.53003, -218.715, 164.025, -80.5267, -43.3319, -327.721]
[322.642, 177.394, 6.53003, -219.033, 164.025, -80.5267, -43.3319, -327.721]
[322.642, 177.394, 6.53003, -219.033, 165.919, -80.5267, -45.2264, -327.721]
[322.938, 177.394, 6.53003, -219.033, 165.919, -80.8224, -45.2264, -327.721]
[322.938, 177.394, 6.53003, -221.57, 165.919, -80.8224, -42.6896, -327.721]
[323.365, 177.394, 6.53003, -221.57, 165.919, -80.8224, -43.1167, -327.721]
[323.365, 178.586, 6.53003, -221.57, 165.919, -82.0147, -43.1167, -327.721]
[323.788, 178.586, 6.53003, -221.57, 165.919, -82.0147, -43.5402, -327.721]
[327.006, 175.369, 6.53003, -221.57, 165.919, -82.0147, -43.5402, -327.721]
[327.006, 175.369, 6.53003, -217.21, 165.919, -82.0147, -43.5402, -332.08]
[327.006, 175.369, 6.53003, -220.697, 165.919, -78.5283, -43.5402, -332.08]
[327.006, 175.369, 6.53003, -221.045, 166.267, -78.5283, -43.5402, -332.08]
[327.006, 175.369, 6.53003, -223.503, 166.267, -78.5283, -41.0822, -332.08]
[327.423, 175.369, 6.53003, -223.503, 166.267, -78.5283, -41.4992, -332.08]
[327.836, 175.369, 6.53003, -223.503, 166.267, -78.5283, -41.9127, -332.08]
[327.836, 175.369, 6.53003, -206.878, 149.643, -78.5283, -41.9127, -332.08]
[327.836, 175.369, 6.53003, -203.107, 149.643, -78.5283, -41.9127, -335.852]
[328.246, 175.369, 6.53003, -203.107, 149.643, -78.5283, -42.3229, -335.852]
[328.246, 175.369, 6.53003, -203.591, 150.127, -78.5283, -42.3229, -335.852]
[328.246, 175.369, 6.53003, -200.023, 150.127, -78.5283, -42.3229, -339.42]
[328.246, 178.014, 3.88424, -200.023, 150.127, -78.5283, -42.3229, -339.42]
[314.373, 191.888, 3.88424, -200.023, 150.127, -78.5283, -42.3229, -339.42]
[314.373, 191.888, 3.88424, -200.023, 152.287, -78.5283, -44.4832, -339.42]
[318.225, 188.036, 3.88424, -200.023, 152.287, -78.5283, -44.4832, -339.42]
[318.225, 188.379, 3.88424, -200.366, 152.287, -78.5283, -44.4832, -339.42]
[318.225, 188.379, 3.88424, -200.85, 152.772, -78.5283, -44.4832, -339.42]
[318.319, 188.379, 3.88424, -200.944, 152.772, -78.5283, -44.4832, -339.42]
[318.319, 188.718, 3.88424, -201.283, 152.772, -78.5283, -44.4832, -339.42]
[318.319, 189.814, 3.88424, -201.283, 152.772, -79.6243, -44.4832, -339.42]
[318.319, 189.814, 3.88424, -204.209, 152.772, -79.6243, -41.5573, -339.42]
[318.319, 189.814, 3.88424, -204.673, 153.236, -79.6243, -41.5573, -339.42]
[321.994, 186.138, 3.88424, -204.673, 153.236, -79.6243, -41.5573, -339.42]
[322.671, 186.138, 3.20777, -204.673, 153.236, -79.6243, -41.5573, -339.42]
[322.671, 169.511, 3.20777, -188.046, 153.236, -79.6243, -41.5573, -339.42]
[322.671, 169.511, 3.20777, -174.268, 153.236, -79.6243, -55.3347, -339.42]
[322.671, 169.511, 3.20777, -174.268, 138.149, -79.6243, -40.2474, -339.42]
[322.671, 169.511, 3.20777, -171.539, 138.149, -79.6243, -40.2474, -342.149]
[322.791, 169.511, 3.20777, -171.659, 138.149, -79.6243, -40.2474, -342.149]
[325.103, 169.511, 3.20777, -171.659, 135.837, -79.6243, -40.2474, -342.149]
[325.22, 169.511, 3.20777, -171.777, 135.837, -79.6243, -40.2474, -342.149]
[325.22, 169.511, 3.20777, -155.563, 119.624, -79.6243, -40.2474, -342.149]
[325.22, 170.143, 3.20777, -156.196, 119.624, -79.6243, -40.2474, -342.149]
[325.22, 170.143, 3.20777, -156.196, 122.476, -79.6243, -43.0997, -342.149]
[325.22, 170.143, 3.20777, -156.196, 125.195, -79.6243, -45.8191, -342.149]
[325.22, 170.244, 3.20777, -156.196, 125.195, -79.6243, -45.8191, -342.25]
[325.22, 170.244, 3.20777, -157.155, 126.155, -79.6243, -45.8191, -342.25]
[325.22, 172.93, 0.521476, -157.155, 126.155, -79.6243, -45.8191, -342.25]
[325.511, 172.93, 0.521476, -157.155, 126.155, -79.9152, -45.8191, -342.25]
[325.511, 172.93, 0.521476, -144.388, 126.155, -79.9152, -58.587, -342.25]
[325.664, 172.93, 0.521476, -144.541, 126.155, -79.9152, -58.587, -342.25]
[325.664, 172.93, 0.521476, -149.586, 126.155, -79.9152, -53.542, -342.25]
[325.664, 173.579, 0.521476, -150.234, 126.155, -79.9152, -53.542, -342.25]
[328.706, 170.537, 0.521476, -150.234, 126.155, -79.9152, -53.542, -342.25]
[328.706, 171.818, 0.521476, -150.234, 126.155, -81.1965, -53.542, -342.25]
[328.706, 171.818, 0.521476, -150.234, 128.05, -83.091, -53.542, -342.25]
[328.706, 171.818, 0.521476, -150.234, 129.881, -84.9228, -53.542, -342.25]
[329.069, 171.818, 0.521476, -150.234, 129.881, -84.9228, -53.9051, -342.25]
[331.984, 168.903, 0.521476, -150.234, 129.881, -84.9228, -53.9051, -342.25]
[331.984, 170.145, 0.521476, -150.234, 129.881, -86.1647, -53.9051, -342.25]
[331.984, 170.145, 0.521476, -156.087, 129.881, -80.3114, -53.9051, -342.25]
[331.984, 170.145, 3.45199, -159.018, 129.881, -80.3114, -53.9051, -342.25]
[332.334, 170.145, 3.45199, -159.018, 129.881, -80.3114, -54.2554, -342.25]
[332.334, 170.145, 3.45199, -159.912, 130.775, -80.3114, -54.2554, -342.25]
[332.334, 172.839, 0.757935, -159.912, 130.775, -80.3114, -54.2554, -342.25]
[332.334, 172.839, 3.59131, -162.745, 130.775, -80.3114, -54.2554, -342.25]
[334.328, 172.839, 3.59131, -162.745, 128.781, -80.3114, -54.2554, -342.25]
[334.328, 174.089, 3.59131, -162.745, 128.781, -81.5611, -54.2554, -342.25]
[334.328, 174.089, 3.59131, -162.745, 131.125, -81.5611, -56.5994, -342.25]
[334.328, 175.31, 3.59131, -162.745, 131.125, -82.7822, -56.5994, -342.25]
[334.328, 175.868, 3.59131, -163.303, 131.125, -82.7822, -56.5994, -342.25]
[334.328, 178.438, 1.02139, -163.303, 131.125, -82.7822, -56.5994, -342.25]
[334.328, 178.438, 1.02139, -160.875, 131.125, -82.7822, -56.5994, -344.677]
[334.586, 178.438, 1.02139, -160.875, 131.125, -83.04, -56.5994, -344.677]
[334.586, 178.438, 1.02139, -160.875, 133.376, -83.04, -58.8503, -344.677]
[334.586, 178.438, 1.02139, -160.875, 135.54, -83.04, -61.0148, -344.677]
[334.586, 178.438, 3.82592, -163.68, 135.54, -83.04, -61.0148, -344.677]
[337.528, 175.496, 3.82592, -163.68, 135.54, -83.04, -61.0148, -344.677]
[337.528, 175.496, 3.82592, -163.68, 135.54, -81.8851, -61.0148, -345.832]
[337.64, 175.496, 3.82592, -163.792, 135.54, -81.8851, -61.0148, -345.832]
[337.64, 175.496, 3.82592, -163.792, 137.272, -83.6166, -61.0148, -345.832]
[337.888, 175.496, 3.82592, -163.792, 137.272, -83.8641, -61.0148, -345.832]
[337.888, 175.496, 3.82592, -163.792, 139.324, -83.8641, -63.0673, -345.832]
[337.888, 178.079, 1.24275, -163.792, 139.324, -83.8641, -63.0673, -345.832]
[340.741, 175.226, 1.24275, -163.792, 139.324, -83.8641, -63.0673, -345.832]
[340.741, 175.226, 1.24275, -168.33, 139.324, -83.8641, -58.5298, -345.832]
[340.741, 175.226, 1.24275, -168.33, 140.968, -85.5081, -58.5298, -345.832]
[341.292, 175.226, 0.692312, -168.33, 140.968, -85.5081, -58.5298, -345.832]
[341.836, 175.226, 0.147703, -168.33, 140.968, -85.5081, -58.5298, -345.832]
[341.836, 175.226, 0.147703, -173.486, 140.968, -80.3514, -58.5298, -345.832]
[341.836, 175.226, 0.147703, -173.486, 142.64, -82.0234, -58.5298, -345.832]
[341.836, 175.226, 2.68816, -176.027, 142.64, -82.0234, -58.5298, -345.832]
[341.836, 175.226, 5.12082, -178.459, 142.64, -82.0234, -58.5298, -345.832]
[341.836, 175.226, 7.45384, -180.792, 142.64, -82.0234, -58.5298, -345.832]
[341.836, 175.226, 7.45384, -195.022, 142.64, -82.0234, -58.5298, -331.603]
[342.078, 175.226, 7.45384, -195.022, 142.64, -82.2646, -58.5298, -331.603]
[342.078, 175.226, 7.45384, -198.473, 142.64, -82.2646, -55.0792, -331.603]
[342.078, 175.62, 7.45384, -198.868, 142.64, -82.2646, -55.0792, -331.603]
[342.153, 175.62, 7.45384, -198.943, 142.64, -82.2646, -55.0792, -331.603]
[342.73, 175.62, 6.87726, -198.943, 142.64, -82.2646, -55.0792, -331.603]
[342.73, 175.62, 8.79774, -200.864, 142.64, -82.2646, -55.0792, -331.603]
[342.803, 175.62, 8.79774, -200.937, 142.64, -82.2646, -55.0792, -331.603]
[342.803, 175.62, 8.79774, -197.324, 142.64, -82.2646, -55.0792, -335.216]
[342.803, 175.62, 8.79774, -197.872, 143.188, -82.2646, -55.0792, -335.216]
[342.803, 175.62, 10.7038, -199.778, 143.188, -82.2646, -55.0792, -335.216]
[343.395, 175.62, 10.1126, -199.778, 143.188, -82.2646, -55.0792, -335.216]
[343.395, 176.009, 10.1126, -200.166, 143.188, -82.2646, -55.0792, -335.216]
[343.468, 176.009, 10.1126, -200.239, 143.188, -82.2646, -55.0792, -335.216]
[343.705, 176.009, 10.1126, -200.239, 143.188, -82.5014, -55.0792, -335.216]
[343.705, 176.009, 10.1126, -200.769, 143.718, -82.5014, -55.0792, -335.216]
[343.705, 176.009, 10.1126, -214.224, 143.718, -82.5014, -55.0792, -321.762]
[345.727, 176.009, 10.1126, -214.224, 141.696, -82.5014, -55.0792, -321.762]
[345.727, 176.009, 10.1126, -217.093, 141.696, -82.5014, -52.2096, -321.762]
[347.678, 176.009, 10.1126, -217.093, 139.745, -82.5014, -52.2096, -321.762]
[347.678, 176.009, 10.1126, -212.685, 139.745, -82.5014, -52.2096, -326.17]
[347.678, 176.009, 10.1126, -215.523, 139.745, -82.5014, -49.3716, -326.17]
[349.563, 176.009, 10.1126, -215.523, 137.86, -82.5014, -49.3716, -326.17]
[350.114, 176.009, 9.56187, -215.523, 137.86, -82.5014, -49.3716, -326.17]
[350.114, 176.009, 9.56187, -199.043, 121.38, -82.5014, -49.3716, -326.17]
[350.114, 176.009, 9.56187, -202.146, 121.38, -82.5014, -46.2691, -326.17]
[350.114, 176.009, 9.56187, -198.34, 121.38, -82.5014, -46.2691, -329.976]
[350.184, 176.009, 9.56187, -198.41, 121.38, -82.5014, -46.2691, -329.976]
[350.728, 176.009, 9.01738, -198.41, 121.38, -82.5014, -46.2691, -329.976]
[350.728, 176.401, 9.01738, -198.802, 121.38, -82.5014, -46.2691, -329.976]
[350.728, 176.789, 9.01738, -199.191, 121.38, -82.5014, -46.2691, -329.976]
[350.728, 176.789, 9.01738, -199.191, 124.052, -82.5014, -48.9416, -329.976]
[350.728, 177.97, 9.01738, -199.191, 124.052, -83.6819, -48.9416, -329.976]
[350.728, 177.97, 9.01738, -199.191, 126.606, -83.6819, -51.4959, -329.976]
[352.358, 177.97, 9.01738, -199.191, 124.976, -83.6819, -51.4959, -329.976]
[352.652, 177.97, 9.01738, -199.191, 124.976, -83.6819, -51.7896, -329.976]
[354.231, 177.97, 9.01738, -199.191, 123.398, -83.6819, -51.7896, -329.976]
[354.231, 177.97, 9.01738, -203.254, 123.398, -79.6186, -51.7896, -329.976]
[354.518, 177.97, 9.01738, -203.254, 123.398, -79.6186, -52.0772, -329.976]
[356.048, 177.97, 9.01738, -203.254, 121.868, -79.6186, -52.0772, -329.976]
[356.048, 177.97, 9.01738, -207.071, 121.868, -75.801, -52.0772, -329.976]
[356.109, 177.97, 9.01738, -207.132, 121.868, -75.801, -52.0772, -329.976]
[356.169, 177.97, 9.01738, -207.192, 121.868, -75.801, -52.0772, -329.976]
[356.169, 177.97, 10.7679, -208.943, 121.868, -75.801, -52.0772, -329.976]
[356.169, 177.97, 10.7679, -222.009, 121.868, -75.801, -52.0772, -316.909]
[356.169, 177.97, 10.7679, -222.009, 124.402, -75.801, -54.6109, -316.909]
[356.689, 177.97, 10.248, -222.009, 124.402, -75.801, -54.6109, -316.909]
[356.911, 177.97, 10.248, -222.009, 124.402, -76.0226, -54.6109, -316.909]
[359.339, 175.542, 10.248, -222.009, 124.402, -76.0226, -54.6109, -316.909]
[359.339, 175.854, 10.248, -222.322, 124.402, -76.0226, -54.6109, -316.909]
[359.339, 175.854, 10.248, -225.511, 124.402, -72.8336, -54.6109, -316.909]
[359.339, 37.9642, 148.138, -225.511, 124.402, -72.8336, -54.6109, -316.909]
[359.339, 37.9642, 148.138, -225.511, 126.828, -72.8336, -57.0374, -316.909]
[359.339, 33.7338, 152.369, -225.511, 126.828, -72.8336, -57.0374, -316.909]
[359.339, 33.7338, 152.369, -228.538, 126.828, -69.8066, -57.0374, -316.909]
[360.849, 33.7338, 152.369, -228.538, 125.317, -69.8066, -57.0374, -316.909]
[360.849, 33.7338, 152.369, -240.54, 125.317, -69.8066, -57.0374, -304.908]
[360.849, 33.7338, 152.369, -240.54, 127.675, -69.8066, -59.3952, -304.908]
[360.849, 33.7338, 152.369, -242.922, 127.675, -69.8066, -57.0127, -304.908]
[361.47, 33.1135, 152.369, -242.922, 127.675, -69.8066, -57.0127, -304.908]
[361.47, 29.1648, 156.317, -242.922, 127.675, -69.8066, -57.0127, -304.908]
[361.51, 29.1648, 156.317, -242.962, 127.675, -69.8066, -57.0127, -304.908]
[361.734, 29.1648, 156.317, -242.962, 127.675, -70.0307, -57.0127, -304.908]
[362.322, 28.5762, 156.317, -242.962, 127.675, -70.0307, -57.0127, -304.908]
[362.575, 28.5762, 156.317, -242.962, 127.675, -70.0307, -57.265, -304.908]
[362.575, 28.5762, 156.317, -243.369, 128.082, -70.0307, -57.265, -304.908]
[364.488, 28.5762, 154.404, -243.369, 128.082, -70.0307, -57.265, -304.908]
[364.488, 24.8232, 158.157, -243.369, 128.082, -70.0307, -57.265, -304.908]
[364.488, 24.8232, 158.157, -237.418, 128.082, -70.0307, -57.265, -310.858]
[364.734, 24.8232, 158.157, -237.418, 128.082, -70.0307, -57.5113, -310.858]
[364.951, 24.8232, 158.157, -237.418, 128.082, -70.2474, -57.5113, -310.858]
[364.951, 24.8232, 158.157, -237.418, 130.375, -70.2474, -59.8041, -310.858]
[364.951, 24.8232, 158.157, -237.836, 130.793, -70.2474, -59.8041, -310.858]
[364.951, 25.9671, 158.157, -238.98, 130.793, -70.2474, -59.8041, -310.858]
[364.951, 25.9671, 158.157, -233.423, 130.793, -70.2474, -59.8041, -316.416]
[366.855, 25.9671, 156.253, -233.423, 130.793, -70.2474, -59.8041, -316.416]
[366.855, 25.9671, 156.253, -236.198, 130.793, -67.4726, -59.8041, -316.416]
[368.695, 25.9671, 154.413, -236.198, 130.793, -67.4726, -59.8041, -316.416]
[368.695, 27.1164, 154.413, -237.347, 130.793, -67.4726, -59.8041, -316.416]
[368.735, 27.1164, 154.413, -237.386, 130.793, -67.4726, -59.8041, -316.416]
[370.515, 27.1164, 152.632, -237.386, 130.793, -67.4726, -59.8041, -316.416]
[353.592, 27.1164, 152.632, -220.464, 130.793, -67.4726, -59.8041, -316.416]
[353.84, 27.1164, 152.632, -220.464, 130.793, -67.7206, -59.8041, -316.416]
[355.486, 27.1164, 152.632, -220.464, 129.147, -67.7206, -59.8041, -316.416]
[355.486, 27.1164, 152.632, -223.489, 129.147, -64.6952, -59.8041, -316.416]
[356.099, 26.5035, 152.632, -223.489, 129.147, -64.6952, -59.8041, -316.416]
[356.099, 27.7903, 152.632, -224.776, 129.147, -64.6952, -59.8041, -316.416]
[356.099, 27.7903, 153.013, -225.156, 129.147, -64.6952, -59.8041, -316.416]
[356.348, 27.7903, 153.013, -225.156, 129.147, -64.9438, -59.8041, -316.416]
[339.647, 27.7903, 153.013, -225.156, 129.147, -64.9438, -43.1029, -316.416]
[339.647, 27.7903, 153.013, -228.001, 129.147, -62.0996, -43.1029, -316.416]
[339.647, 27.7903, 153.013, -228.464, 129.611, -62.0996, -43.1029, -316.416]
[341.919, 27.7903, 150.741, -228.464, 129.611, -62.0996, -43.1029, -316.416]
[341.919, 27.7903, 151.115, -228.838, 129.611, -62.0996, -43.1029, -316.416]
[341.919, 27.7903, 152.913, -228.838, 129.611, -63.8978, -43.1029, -316.416]
[343.732, 27.7903, 152.913, -228.838, 127.798, -63.8978, -43.1029, -316.416]
[345.923, 27.7903, 150.722, -228.838, 127.798, -63.8978, -43.1029, -316.416]
[345.923, 23.9519, 154.56, -228.838, 127.798, -63.8978, -43.1029, -316.416]
[329.613, 40.2615, 154.56, -228.838, 127.798, -63.8978, -43.1029, -316.416]
[329.613, 40.2615, 154.56, -228.838, 129.972, -66.0722, -43.1029, -316.416]
[332.123, 40.2615, 152.05, -228.838, 129.972, -66.0722, -43.1029, -316.416]
[332.123, 36.0821, 156.23, -228.838, 129.972, -66.0722, -43.1029, -316.416]
[332.123, 36.0821, 156.23, -223.851, 129.972, -66.0722, -43.1029, -321.403]
[332.123, 36.0821, 156.23, -223.851, 129.972, -66.0722, -42.1149, -322.391]
[332.123, 36.0821, 156.23, -219.24, 129.972, -66.0722, -42.1149, -327.002]
[334.107, 36.0821, 156.23, -219.24, 127.988, -66.0722, -42.1149, -327.002]
[334.107, 36.0821, 156.23, -219.24, 130.606, -66.0722, -44.7326, -327.002]
[334.107, 36.0821, 156.23, -219.24, 133.11, -66.0722, -47.2364, -327.002]
[334.473, 36.0821, 156.23, -219.24, 133.11, -66.0722, -47.6027, -327.002]
[334.473, 37.3069, 156.23, -220.465, 133.11, -66.0722, -47.6027, -327.002]
[334.777, 37.3069, 156.23, -220.465, 133.11, -66.3757, -47.6027, -327.002]
[334.777, 37.3069, 156.23, -220.465, 135.141, -68.4067, -47.6027, -327.002]
[334.777, 37.3069, 156.23, -223.022, 135.141, -68.4067, -45.0455, -327.002]
[334.777, 37.3069, 156.23, -235.554, 135.141, -68.4067, -45.0455, -314.471]
[334.777, 37.3069, 156.23, -235.554, 135.141, -67.0725, -45.0455, -315.805]
[335.601, 36.4829, 156.23, -235.554, 135.141, -67.0725, -45.0455, -315.805]
[335.601, 37.5308, 156.23, -236.602, 135.141, -67.0725, -45.0455, -315.805]
[335.601, 38.5583, 156.23, -237.629, 135.141, -67.0725, -45.0455, -315.805]
[335.601, 38.5583, 156.554, -237.953, 135.141, -67.0725, -45.0455, -315.805]
[335.601, 38.5583, 156.554, -237.953, 137.124, -69.0552, -45.0455, -315.805]
[335.601, 39.5631, 156.554, -238.958, 137.124, -69.0552, -45.0455, -315.805]
[335.626, 39.5631, 156.554, -238.958, 137.124, -69.0552, -45.0455, -315.83]
[335.626, 39.5631, 156.554, -238.958, 139.485, -69.0552, -47.4071, -315.83]
[335.986, 39.5631, 156.554, -238.958, 139.485, -69.0552, -47.7674, -315.83]
[335.986, 39.5631, 156.554, -238.958, 141.745, -69.0552, -50.0275, -315.83]
[335.986, 39.5631, 156.554, -250.547, 141.745, -69.0552, -50.0275, -304.241]
[338.113, 39.5631, 156.554, -250.547, 139.619, -69.0552, -50.0275, -304.241]
[338.113, 39.5631, 156.554, -261.251, 139.619, -69.0552, -50.0275, -293.537]
[338.113, 35.5454, 160.571, -261.251, 139.619, -69.0552, -50.0275, -293.537]
[321.436, 35.5454, 160.571, -261.251, 139.619, -52.3781, -50.0275, -293.537]
[322.356, 34.6257, 160.571, -261.251, 139.619, -52.3781, -50.0275, -293.537]
[322.356, 30.8761, 164.321, -261.251, 139.619, -52.3781, -50.0275, -293.537]
[322.356, 30.8761, 164.321, -263.12, 139.619, -50.509, -50.0275, -293.537]
[322.356, 27.3409, 167.856, -263.12, 139.619, -50.509, -50.0275, -293.537]
[322.356, 23.9995, 171.198, -263.12, 139.619, -50.509, -50.0275, -293.537]
[322.356, 23.9995, 172.864, -263.12, 139.619, -52.1751, -50.0275, -293.537]
[325.463, 23.9995, 169.757, -263.12, 139.619, -52.1751, -50.0275, -293.537]
[325.463, 23.9995, 169.757, -263.12, 141.832, -52.1751, -52.2411, -293.537]
[325.463, 20.7965, 172.96, -263.12, 141.832, -52.1751, -52.2411, -293.537]
[325.463, 20.7965, 172.96, -264.956, 141.832, -52.1751, -50.4051, -293.537]
[325.463, 21.7174, 172.96, -265.877, 141.832, -52.1751, -50.4051, -293.537]
[328.494, 21.7174, 169.928, -265.877, 141.832, -52.1751, -50.4051, -293.537]
[328.494, 21.7174, 169.928, -265.877, 143.997, -52.1751, -52.5693, -293.537]
[328.494, 18.5777, 173.068, -265.877, 143.997, -52.1751, -52.5693, -293.537]
[328.494, 18.5777, 173.068, -265.877, 146.08, -52.1751, -54.6532, -293.537]
[328.494, 19.5099, 173.068, -266.809, 146.08, -52.1751, -54.6532, -293.537]
[328.863, 19.5099, 173.068, -266.809, 146.08, -52.5438, -54.6532, -293.537]
[328.863, 19.5099, 173.068, -266.809, 148.127, -54.5903, -54.6532, -293.537]
[314.852, 19.5099, 187.079, -266.809, 148.127, -54.5903, -54.6532, -293.537]
[314.852, 19.5099, 188.468, -266.809, 148.127, -55.9796, -54.6532, -293.537]
[317.545, 19.5099, 188.468, -266.809, 145.434, -55.9796, -54.6532, -293.537]
[321.204, 19.5099, 184.809, -266.809, 145.434, -55.9796, -54.6532, -293.537]
[321.204, 19.5099, 184.809, -268.646, 145.434, -54.1428, -54.6532, -293.537]
[321.995, 18.7184, 184.809, -268.646, 145.434, -54.1428, -54.6532, -293.537]
[322.775, 17.9387, 184.809, -268.646, 145.434, -54.1428, -54.6532, -293.537]
[323.543, 17.1706, 184.809, -268.646, 145.434, -54.1428, -54.6532, -293.537]
[323.543, 17.1706, 184.809, -261.215, 145.434, -54.1428, -54.6532, -300.967]
[323.543, 17.1706, 184.809, -263.115, 145.434, -52.2435, -54.6532, -300.967]
[323.921, 17.1706, 184.809, -263.115, 145.434, -52.2435, -55.0309, -300.967]
[323.921, 17.1706, 184.809, -263.115, 147.447, -52.2435, -57.0445, -300.967]
[323.969, 17.1706, 184.809, -263.162, 147.447, -52.2435, -57.0445, -300.967]
[326.447, 17.1706, 184.809, -263.162, 144.968, -52.2435, -57.0445, -300.967]
[326.447, 17.1706, 184.809, -264.998, 144.968, -50.4082, -57.0445, -300.967]
[326.447, 17.1706, 184.809, -274.988, 144.968, -50.4082, -57.0445, -290.978]
[326.489, 17.1706, 184.809, -275.029, 144.968, -50.4082, -57.0445, -290.978]
[329.799, 17.1706, 181.499, -275.029, 144.968, -50.4082, -57.0445, -290.978]
[329.799, 17.1706, 181.499, -275.029, 146.955, -50.4082, -59.0308, -290.978]
[330.169, 17.1706, 181.499, -275.029, 146.955, -50.7786, -59.0308, -290.978]
[330.169, 17.1706, 181.499, -275.029, 149.017, -52.8411, -59.0308, -290.978]
[330.169, 17.1706, 181.499, -267.223, 149.017, -52.8411, -59.0308, -298.784]
[330.169, 17.1706, 181.499, -267.483, 149.277, -52.8411, -59.0308, -298.784]
[332.557, 17.1706, 181.499, -267.483, 146.89, -52.8411, -59.0308, -298.784]
[332.557, 17.1706, 181.499, -260.319, 146.89, -52.8411, -59.0308, -305.948]
[332.557, 17.1706, 181.499, -262.211, 146.89, -50.9487, -59.0308, -305.948]
[332.557, 17.1706, 181.499, -255.556, 146.89, -50.9487, -59.0308, -312.603]
[332.557, 17.1706, 183.011, -255.556, 146.89, -52.4602, -59.0308, -312.603]
[332.557, 17.1706, 183.219, -255.765, 146.89, -52.4602, -59.0308, -312.603]
[332.557, 14.4619, 185.928, -255.765, 146.89, -52.4602, -59.0308, -312.603]
[335.737, 14.4619, 182.748, -255.765, 146.89, -52.4602, -59.0308, -312.603]
[335.737, 14.4619, 182.748, -249.631, 146.89, -52.4602, -59.0308, -318.736]
[335.762, 14.4619, 182.748, -249.631, 146.89, -52.4602, -59.0308, -318.761]
[338.78, 14.4619, 179.729, -249.631, 146.89, -52.4602, -59.0308, -318.761]
[338.78, 14.4619, 181.244, -249.631, 146.89, -53.9753, -59.0308, -318.761]
[338.78, 14.4619, 181.244, -251.732, 146.89, -51.8748, -59.0308, -318.761]
[341.689, 14.4619, 178.336, -251.732, 146.89, -51.8748, -59.0308, -318.761]
[341.689, 14.4619, 178.563, -251.959, 146.89, -51.8748, -59.0308, -318.761]
[341.689, 14.4619, 180.102, -251.959, 146.89, -53.4143, -59.0308, -318.761]
[341.689, 14.4619, 180.102, -251.959, 146.89, -52.2986, -59.0308, -319.876]
[341.689, 15.5664, 180.102, -253.063, 146.89, -52.2986, -59.0308, -319.876]
[341.689, 15.5664, 181.614, -253.063, 146.89, -53.8108, -59.0308, -319.876]
[341.689, 15.5664, 181.831, -253.28, 146.89, -53.8108, -59.0308, -319.876]
[341.689, 15.5664, 181.831, -264.485, 146.89, -53.8108, -59.0308, -308.672]
[341.992, 15.5664, 181.831, -264.485, 146.89, -53.8108, -59.3337, -308.672]
[341.992, 15.5664, 181.831, -264.485, 148.803, -53.8108, -61.2473, -308.672]
[341.992, 15.5664, 181.831, -264.485, 150.779, -55.7866, -61.2473, -308.672]
[341.992, 16.5382, 181.831, -265.457, 150.779, -55.7866, -61.2473, -308.672]
[341.992, 16.5382, 183.273, -265.457, 150.779, -57.2284, -61.2473, -308.672]
[341.992, 16.5382, 183.273, -258.78, 150.779, -57.2284, -61.2473, -315.348]
[341.992, 16.5382, 183.273, -252.636, 150.779, -57.2284, -61.2473, -321.492]
[341.992, 17.6147, 183.273, -253.713, 150.779, -57.2284, -61.2473, -321.492]
[344.175, 17.6147, 183.273, -253.713, 148.595, -57.2284, -61.2473, -321.492]
[344.175, 14.8971, 185.991, -253.713, 148.595, -57.2284, -61.2473, -321.492]
[344.175, 14.8971, 185.991, -255.798, 148.595, -55.1431, -61.2473, -321.492]
[344.175, 14.8971, 185.991, -257.919, 148.595, -55.1431, -59.1264, -321.492]
[344.175, 14.8971, 185.991, -257.919, 150.552, -57.0993, -59.1264, -321.492]
[344.175, 14.8971, 185.991, -257.919, 152.407, -57.0993, -60.9822, -321.492]
[344.465, 14.8971, 185.991, -257.919, 152.407, -57.0993, -61.2722, -321.492]
[344.465, 14.8971, 185.991, -258.195, 152.683, -57.0993, -61.2722, -321.492]
[344.465, 15.9347, 185.991, -259.232, 152.683, -57.0993, -61.2722, -321.492]
[344.465, 16.9522, 185.991, -260.25, 152.683, -57.0993, -61.2722, -321.492]
[344.465, 16.9522, 185.991, -254.288, 152.683, -57.0993, -61.2722, -327.454]
[344.754, 16.9522, 185.991, -254.288, 152.683, -57.0993, -61.5605, -327.454]
[344.754, 16.9522, 185.991, -254.288, 152.683, -56.0347, -61.5605, -328.519]
[344.754, 16.9522, 169.234, -237.531, 152.683, -56.0347, -61.5605, -328.519]
[344.754, 16.9522, 169.234, -237.531, 154.555, -57.9064, -61.5605, -328.519]
[345.04, 16.9522, 169.234, -237.531, 154.555, -57.9064, -61.8472, -328.519]
[345.337, 16.9522, 169.234, -237.531, 154.555, -58.2028, -61.8472, -328.519]
[345.337, 13.9153, 172.271, -237.531, 154.555, -58.2028, -61.8472, -328.519]
[347.528, 13.9153, 172.271, -237.531, 152.363, -58.2028, -61.8472, -328.519]
[347.577, 13.9153, 172.271, -237.58, 152.363, -58.2028, -61.8472, -328.519]
[347.577, 15.1843, 172.271, -238.849, 152.363, -58.2028, -61.8472, -328.519]
[348.167, 14.5948, 172.271, -238.849, 152.363, -58.2028, -61.8472, -328.519]
[348.167, 15.8411, 172.271, -240.095, 152.363, -58.2028, -61.8472, -328.519]
[204.264, 15.8411, 172.271, -240.095, 296.265, -58.2028, -61.8472, -328.519]
[204.264, 15.8411, 172.271, -240.095, 296.725, -58.2028, -62.3067, -328.519]
[204.264, 15.8411, 172.271, -242.547, 296.725, -58.2028, -59.8547, -328.519]
[211.4, 15.8411, 165.136, -242.547, 296.725, -58.2028, -59.8547, -328.519]
[196.541, 30.7002, 165.136, -242.547, 296.725, -58.2028, -59.8547, -328.519]
[196.541, 30.7002, 165.136, -244.865, 296.725, -55.8851, -59.8547, -328.519]
[199.254, 27.9868, 165.136, -244.865, 296.725, -55.8851, -59.8547, -328.519]
[199.254, 24.5542, 168.568, -244.865, 296.725, -55.8851, -59.8547, -328.519]
[199.254, 25.6281, 168.568, -245.939, 296.725, -55.8851, -59.8547, -328.519]
[199.254, 25.6281, 168.568, -245.939, 297.191, -55.8851, -60.3211, -328.519]
[199.254, 25.6281, 168.568, -240.774, 297.191, -55.8851, -60.3211, -333.684]
[199.46, 25.6281, 168.568, -240.979, 297.191, -55.8851, -60.3211, -333.684]
[199.46, 25.6281, 170.194, -240.979, 297.191, -57.5104, -60.3211, -333.684]
[200.635, 25.6281, 170.194, -240.979, 297.191, -57.5104, -61.4962, -333.684]
[200.635, 26.7307, 170.194, -242.082, 297.191, -57.5104, -61.4962, -333.684]
[201.785, 26.7307, 170.194, -242.082, 297.191, -57.5104, -62.6458, -333.684]
[201.785, 26.7307, 170.194, -242.159, 297.268, -57.5104, -62.6458, -333.684]
[201.785, 26.7307, 170.194, -237.309, 297.268, -57.5104, -62.6458, -338.534]
[201.785, 26.7307, 170.194, -237.309, 297.743, -57.985, -62.6458, -338.534]
[214.048, 26.7307, 170.194, -237.309, 285.479, -57.985, -62.6458, -338.534]
[214.048, 26.7307, 170.194, -237.309, 286.008, -58.5147, -62.6458, -338.534]
[214.048, 26.7307, 170.194, -232.788, 286.008, -58.5147, -62.6458, -343.055]
[214.048, 26.7307, 166.14, -232.788, 290.062, -58.5147, -62.6458, -343.055]
[214.048, 26.7307, 166.14, -245.522, 290.062, -58.5147, -62.6458, -330.321]
[208.644, 26.7307, 166.14, -245.522, 295.466, -58.5147, -62.6458, -330.321]
[208.644, 26.7307, 166.14, -257.398, 295.466, -58.5147, -62.6458, -318.445]
[208.644, 26.7307, 166.14, -251.428, 295.466, -58.5147, -62.6458, -324.415]
[208.644, 26.7307, 166.14, -253.658, 295.466, -58.5147, -60.4155, -324.415]
[208.644, 26.7307, 150.801, -253.658, 295.466, -43.1756, -60.4155, -324.415]
[208.644, 22.926, 154.605, -253.658, 295.466, -43.1756, -60.4155, -324.415]
[203.63, 22.926, 154.605, -253.658, 300.481, -43.1756, -60.4155, -324.415]
[203.63, 22.926, 154.605, -265.02, 300.481, -43.1756, -60.4155, -313.053]
[204.955, 22.926, 154.605, -265.02, 300.481, -44.5008, -60.4155, -313.053]
[204.955, 22.926, 154.857, -265.272, 300.481, -44.5008, -60.4155, -313.053]
[204.955, 22.926, 154.857, -275.741, 300.481, -44.5008, -60.4155, -302.584]
[204.955, 23.7407, 154.857, -276.555, 300.481, -44.5008, -60.4155, -302.584]
[204.955, 23.7407, 154.857, -286.134, 300.481, -44.5008, -60.4155, -293.005]
[204.955, 23.7407, 154.857, -294.906, 300.481, -44.5008, -60.4155, -284.233]
[205.069, 23.7407, 154.857, -295.019, 300.481, -44.5008, -60.4155, -284.233]
[205.182, 23.7407, 154.857, -295.133, 300.481, -44.5008, -60.4155, -284.233]
[206.295, 23.7407, 154.857, -295.133, 300.481, -44.5008, -61.5285, -284.233]
[206.295, 23.7407, 154.857, -303.152, 300.481, -44.5008, -61.5285, -276.214]
[206.295, 23.7407, 139.929, -303.152, 300.481, -29.5726, -61.5285, -276.214]
[206.295, 23.7407, 139.929, -286.231, 283.56, -29.5726, -61.5285, -276.214]
[206.295, 23.7407, 139.929, -286.231, 284.081, -29.5726, -62.05, -276.214]
[206.295, 24.4721, 139.929, -286.962, 284.081, -29.5726, -62.05, -276.214]
[206.295, 24.4721, 139.929, -286.962, 284.597, -29.5726, -62.5662, -276.214]
[206.295, 24.4721, 139.929, -287.018, 284.653, -29.5726, -62.5662, -276.214]
[206.295, 24.4721, 140.163, -287.252, 284.653, -29.5726, -62.5662, -276.214]
[206.295, 25.1912, 140.163, -287.971, 284.653, -29.5726, -62.5662, -276.214]
[206.295, 25.1912, 140.394, -288.202, 284.653, -29.5726, -62.5662, -276.214]
[206.295, 21.1185, 144.467, -288.202, 284.653, -29.5726, -62.5662, -276.214]
[206.295, 21.1185, 144.467, -288.202, 285.164, -29.5726, -63.0769, -276.214]
[206.295, 21.1185, 144.467, -288.257, 285.218, -29.5726, -63.0769, -276.214]
[206.295, 19.9898, 144.467, -288.257, 286.347, -29.5726, -63.0769, -276.214]
[207.76, 19.9898, 144.467, -288.257, 286.347, -31.0377, -63.0769, -276.214]
[207.76, 19.9898, 144.467, -296.228, 286.347, -31.0377, -63.0769, -268.244]
[207.76, 19.9898, 144.467, -296.228, 286.847, -31.0377, -63.5769, -268.244]
[208.815, 19.9898, 144.467, -296.228, 286.847, -31.0377, -64.6317, -268.244]
[208.815, 19.9898, 144.467, -297.345, 286.847, -29.9204, -64.6317, -268.244]
[208.815, 19.9898, 144.467, -298.439, 286.847, -28.8263, -64.6317, -268.244]
[208.815, 19.9898, 144.467, -288.688, 286.847, -28.8263, -64.6317, -277.995]
[209.849, 19.9898, 144.467, -288.688, 286.847, -28.8263, -65.6658, -277.995]
[209.849, 16.1971, 148.259, -288.688, 286.847, -28.8263, -65.6658, -277.995]
[209.849, 16.1971, 150.726, -288.688, 286.847, -31.2931, -65.6658, -277.995]
[209.849, 16.1971, 150.726, -279.754, 286.847, -31.2931, -65.6658, -286.929]
[209.849, 0.0716244, 150.726, -263.629, 286.847, -31.2931, -65.6658, -286.929]
[209.849, 0.0716244, 150.726, -273.093, 286.847, -31.2931, -65.6658, -277.465]
[209.849, 0.0716244, 150.726, -281.759, 286.847, -31.2931, -65.6658, -268.799]
[209.849, 0.0716244, 153.091, -281.759, 286.847, -33.6577, -65.6658, -268.799]
[204.481, 0.0716244, 153.091, -281.759, 292.215, -33.6577, -65.6658, -268.799]
[204.481, 0.0716244, 149.712, -281.759, 295.594, -33.6577, -65.6658, -268.799]
[204.481, 0.0716244, 149.712, -272.729, 295.594, -33.6577, -65.6658, -277.828]
[204.617, 0.0716244, 149.712, -272.729, 295.594, -33.6577, -65.6658, -277.963]
[199.748, 0.0716244, 149.712, -272.729, 300.463, -33.6577, -65.6658, -277.963]
[199.748, 0.0716244, 149.712, -264.471, 300.463, -33.6577, -65.6658, -286.222]
[199.748, 0.0716244, 149.712, -266.514, 300.463, -33.6577, -63.6226, -286.222]
[199.748, -0.729795, 149.712, -266.514, 301.264, -33.6577, -63.6226, -286.222]
[199.748, -0.729795, 149.712, -268.02, 301.264, -32.1517, -63.6226, -286.222]
[199.904, -0.729795, 149.712, -268.176, 301.264, -32.1517, -63.6226, -286.222]
[199.904, -0.729795, 149.712, -268.233, 301.321, -32.1517, -63.6226, -286.222]
[199.904, -0.729795, 149.712, -269.695, 301.321, -30.6895, -63.6226, -286.222]
[199.904, -0.729795, 149.712, -269.695, 301.913, -31.2812, -63.6226, -286.222]
[199.904, -3.81284, 152.795, -269.695, 301.913, -31.2812, -63.6226, -286.222]
[199.904, -3.81284, 152.795, -278.875, 301.913, -31.2812, -63.6226, -277.042]
[199.904, -3.81284, 152.795, -270.317, 301.913, -31.2812, -63.6226, -285.601]
[199.904, -3.81284, 152.795, -270.372, 301.968, -31.2812, -63.6226, -285.601]
[199.904, -3.81284, 152.795, -272.277, 301.968, -31.2812, -61.7179, -285.601]
[199.904, -4.57409, 152.795, -272.277, 302.729, -31.2812, -61.7179, -285.601]
[199.904, -3.48275, 152.795, -273.368, 302.729, -31.2812, -61.7179, -285.601]
[199.904, -3.48275, 152.795, -275.191, 302.729, -31.2812, -59.8945, -285.601]
[199.904, -3.48275, 152.795, -276.552, 302.729, -29.9203, -59.8945, -285.601]
[199.904, -3.48275, 152.795, -276.552, 303.169, -29.9203, -60.3342, -285.601]
[199.904, 10.5402, 138.772, -276.552, 303.169, -29.9203, -60.3342, -285.601]
[200.048, 10.5402, 138.772, -276.696, 303.169, -29.9203, -60.3342, -285.601]
[200.048, 10.5402, 138.772, -276.696, 303.605, -29.9203, -60.7702, -285.601]
[200.048, 10.5402, 138.772, -276.696, 304.188, -30.5034, -60.7702, -285.601]
[200.048, 10.5402, 136.049, -276.696, 306.911, -30.5034, -60.7702, -285.601]
[200.191, 10.5402, 136.049, -276.839, 306.911, -30.5034, -60.7702, -285.601]
[195.85, 10.5402, 136.049, -276.839, 311.252, -30.5034, -60.7702, -285.601]
[197.06, 10.5402, 136.049, -276.839, 311.252, -30.5034, -61.9803, -285.601]
[197.06, 10.5402, 138.746, -276.839, 311.252, -33.2007, -61.9803, -285.601]
[197.06, 10.5402, 138.746, -276.886, 311.3, -33.2007, -61.9803, -285.601]
[197.06, 10.5402, 138.746, -285.736, 311.3, -33.2007, -61.9803, -276.751]
[197.06, 10.5402, 138.746, -285.736, 311.824, -33.7251, -61.9803, -276.751]
[197.06, 10.5402, 138.746, -276.875, 311.824, -33.7251, -61.9803, -285.612]
[198.594, 10.5402, 138.746, -276.875, 311.824, -35.2597, -61.9803, -285.612]
[194.46, 10.5402, 138.746, -276.875, 315.958, -35.2597, -61.9803, -285.612]
[190.579, 10.5402, 138.746, -276.875, 319.839, -35.2597, -61.9803, -285.612]
[190.736, 10.5402, 138.746, -277.031, 319.839, -35.2597, -61.9803, -285.612]
[191.991, 10.5402, 138.746, -277.031, 319.839, -35.2597, -63.2351, -285.612]
[191.991, 10.5402, 138.746, -285.876, 319.839, -35.2597, -63.2351, -276.768]
[188.296, 10.5402, 138.746, -285.876, 323.534, -35.2597, -63.2351, -276.768]
[188.296, 10.5402, 138.746, -285.876, 323.576, -35.2597, -63.2351, -276.81]
[188.296, 10.5402, 138.746, -277.011, 323.576, -35.2597, -63.2351, -285.675]
[188.456, 10.5402, 138.746, -277.171, 323.576, -35.2597, -63.2351, -285.675]
[188.456, 10.5402, 141.279, -277.171, 323.576, -37.7921, -63.2351, -285.675]
[188.456, 10.5402, 141.279, -277.171, 323.923, -37.7921, -63.5823, -285.675]
[188.616, 10.5402, 141.279, -277.331, 323.923, -37.7921, -63.5823, -285.675]
[185.133, 10.5402, 141.279, -277.331, 327.406, -37.7921, -63.5823, -285.675]
[185.133, 10.5402, 141.279, -286.165, 327.406, -37.7921, -63.5823, -276.84]
[185.133, -5.59125, 141.279, -270.034, 327.406, -37.7921, -63.5823, -276.84]
[185.133, -5.59125, 141.279, -270.034, 310.485, -37.7921, -63.5823, -259.919]
[185.133, -6.28106, 141.279, -270.034, 311.175, -37.7921, -63.5823, -259.919]
[185.133, -6.28106, 141.279, -270.034, 311.565, -37.7921, -63.9729, -259.919]
[186.781, -6.28106, 141.279, -270.034, 311.565, -39.44, -63.9729, -259.919]
[188.058, -6.28106, 141.279, -270.034, 311.565, -39.44, -65.2507, -259.919]
[188.058, -6.28106, 141.279, -270.084, 311.616, -39.44, -65.2507, -259.919]
[188.058, -6.28106, 141.552, -270.357, 311.616, -39.44, -65.2507, -259.919]
[188.23, -6.28106, 141.552, -270.528, 311.616, -39.44, -65.2507, -259.919]
[188.23, -6.28106, 141.552, -270.528, 311.998, -39.44, -65.6334, -259.919]
[188.23, -6.95644, 141.552, -270.528, 312.674, -39.44, -65.6334, -259.919]
[188.23, -6.95644, 141.552, -278.56, 312.674, -39.44, -65.6334, -251.888]
[189.471, -6.95644, 141.552, -278.56, 312.674, -39.44, -66.8748, -251.888]
[189.471, -6.95644, 141.552, -278.605, 312.72, -39.44, -66.8748, -251.888]
[189.471, 6.87289, 127.722, -278.605, 312.72, -39.44, -66.8748, -251.888]
[190.684, 6.87289, 127.722, -278.605, 312.72, -39.44, -68.0881, -251.888]
[190.684, 6.11211, 127.722, -278.605, 313.48, -39.44, -68.0881, -251.888]
[192.228, 6.11211, 127.722, -278.605, 313.48, -40.9838, -68.0881, -251.888]
[192.228, 6.11211, 128.009, -278.892, 313.48, -40.9838, -68.0881, -251.888]
[192.228, 5.36231, 128.009, -278.892, 314.23, -40.9838, -68.0881, -251.888]
[192.228, 5.36231, 128.009, -286.235, 314.23, -40.9838, -68.0881, -244.545]
[192.228, 5.36231, 128.009, -287.579, 314.23, -39.6395, -68.0881, -244.545]
[192.228, 5.36231, 128.009, -289.279, 314.23, -39.6395, -66.3884, -244.545]
[193.748, 5.36231, 128.009, -289.279, 314.23, -41.1591, -66.3884, -244.545]
[193.748, 5.36231, 128.009, -295.893, 314.23, -41.1591, -66.3884, -237.93]
[193.748, 5.36231, 128.009, -280.484, 314.23, -41.1591, -81.7973, -237.93]
[189.836, 5.36231, 128.009, -280.484, 318.142, -41.1591, -81.7973, -237.93]
[189.836, 5.36231, 125.805, -280.484, 320.346, -41.1591, -81.7973, -237.93]
[189.836, 5.36231, 125.805, -287.188, 320.346, -41.1591, -81.7973, -231.227]
[189.836, 1.44949, 129.717, -287.188, 320.346, -41.1591, -81.7973, -231.227]
[186.218, 1.44949, 129.717, -287.188, 323.964, -41.1591, -81.7973, -231.227]
[186.218, 1.44949, 129.717, -289.115, 323.964, -41.1591, -79.8695, -231.227]
[186.218, 1.44949, 129.717, -295.208, 323.964, -41.1591, -79.8695, -225.135]
[186.218, 1.44949, 129.717, -295.242, 323.999, -41.1591, -79.8695, -225.135]
[186.218, -2.23275, 133.4, -295.242, 323.999, -41.1591, -79.8695, -225.135]
[186.218, -2.23275, 133.4, -295.242, 324.292, -41.1591, -80.1632, -225.135]
[186.218, -2.23275, 133.63, -295.472, 324.292, -41.1591, -80.1632, -225.135]
[186.218, -2.23275, 133.63, -301.088, 324.292, -41.1591, -80.1632, -219.52]
[186.347, -2.23275, 133.63, -301.217, 324.292, -41.1591, -80.1632, -219.52]
[186.347, -2.23275, 131.436, -301.217, 326.487, -41.1591, -80.1632, -219.52]
[186.475, -2.23275, 131.436, -301.345, 326.487, -41.1591, -80.1632, -219.52]
[186.603, -2.23275, 131.436, -301.473, 326.487, -41.1591, -80.1632, -219.52]
[186.603, -2.23275, 131.656, -301.694, 326.487, -41.1591, -80.1632, -219.52]
[186.603, -1.4242, 131.656, -302.502, 326.487, -41.1591, -80.1632, -219.52]
[186.603, -1.4242, 134.214, -302.502, 326.487, -43.7173, -80.1632, -219.52]
[187.704, -1.4242, 134.214, -302.502, 326.487, -43.7173, -81.2641, -219.52]
[187.704, -1.4242, 134.214, -302.502, 326.895, -44.1257, -81.2641, -219.52]
[187.83, -1.4242, 134.214, -302.627, 326.895, -44.1257, -81.2641, -219.52]
[187.83, -4.89838, 137.689, -302.627, 326.895, -44.1257, -81.2641, -219.52]
[187.83, -4.89838, 137.689, -290.812, 326.895, -44.1257, -81.2641, -231.335]
[187.83, -4.89838, 137.689, -290.848, 326.93, -44.1257, -81.2641, -231.335]
[187.83, -4.89838, 137.689, -296.877, 326.93, -44.1257, -81.2641, -225.305]
[187.83, -4.89838, 137.906, -297.094, 326.93, -44.1257, -81.2641, -225.305]
[187.83, -4.89838, 137.906, -297.094, 327.212, -44.1257, -81.5456, -225.305]
[187.961, -4.89838, 137.906, -297.226, 327.212, -44.1257, -81.5456, -225.305]
[187.961, -5.48957, 137.906, -297.226, 327.803, -44.1257, -81.5456, -225.305]
[187.961, -5.48957, 137.906, -297.226, 328.081, -44.1257, -81.8239, -225.305]
[184.609, -5.48957, 137.906, -297.226, 331.433, -44.1257, -81.8239, -225.305]
[184.609, -5.48957, 137.906, -302.782, 331.433, -44.1257, -81.8239, -219.749]
[184.609, -6.05389, 137.906, -302.782, 331.997, -44.1257, -81.8239, -219.749]
[181.449, -6.05389, 137.906, -302.782, 335.158, -44.1257, -81.8239, -219.749]
[181.449, -6.05389, 137.906, -307.931, 335.158, -44.1257, -81.8239, -214.6]
[181.449, -6.05389, 137.906, -307.931, 335.158, -44.1257, -78.2699, -218.154]
[181.449, -6.05389, 140.27, -307.931, 335.158, -46.4901, -78.2699, -218.154]
[181.449, -6.05389, 140.27, -309.088, 335.158, -45.333, -78.2699, -218.154]
[181.449, -6.05389, 140.27, -310.22, 335.158, -44.2006, -78.2699, -218.154]
[181.572, -6.05389, 140.27, -310.343, 335.158, -44.2006, -78.2699, -218.154]
[183.178, -6.05389, 140.27, -310.343, 335.158, -45.8066, -78.2699, -218.154]
[183.178, -6.05389, 140.27, -310.343, 335.526, -46.1743, -78.2699, -218.154]
[183.178, -6.05389, 140.27, -315.17, 335.526, -46.1743, -78.2699, -213.327]
[184.335, -6.05389, 140.27, -315.17, 335.526, -46.1743, -79.4269, -213.327]
[184.335, -6.05389, 140.27, -319.671, 335.526, -46.1743, -79.4269, -208.827]
[184.335, -5.34762, 140.27, -320.377, 335.526, -46.1743, -79.4269, -208.827]
[184.335, -5.34762, 140.27, -324.564, 335.526, -46.1743, -79.4269, -204.64]
[184.335, -8.55423, 143.477, -324.564, 335.526, -46.1743, -79.4269, -204.64]
[184.335, -8.55423, 143.477, -324.564, 335.789, -46.1743, -79.6903, -204.64]
[184.335, -11.5974, 146.52, -324.564, 335.789, -46.1743, -79.6903, -204.64]
[184.335, -11.5974, 146.52, -328.492, 335.789, -46.1743, -79.6903, -200.712]
[184.335, -12.1073, 146.52, -328.492, 336.299, -46.1743, -79.6903, -200.712]
[184.335, -12.1073, 147.031, -328.492, 336.299, -46.1743, -79.6903, -201.222]
[181.29, -12.1073, 147.031, -328.492, 339.344, -46.1743, -79.6903, -201.222]
[181.29, -12.1073, 147.175, -328.637, 339.344, -46.1743, -79.6903, -201.222]
[178.394, -12.1073, 147.175, -328.637, 342.24, -46.1743, -79.6903, -201.222]
[178.5, -12.1073, 147.175, -328.743, 342.24, -46.1743, -79.6903, -201.222]
[178.5, -12.584, 147.175, -328.743, 342.716, -46.1743, -79.6903, -201.222]
[178.5, -12.584, 147.175, -332.447, 342.716, -46.1743, -79.6903, -197.519]
[178.5, -12.584, 147.175, -332.447, 342.716, -46.1743, -75.6982, -201.511]
[178.5, -12.584, 145.073, -332.447, 344.819, -46.1743, -75.6982, -201.511]
[178.5, -15.4892, 147.978, -332.447, 344.819, -46.1743, -75.6982, -201.511]
[178.5, -15.4892, 147.978, -333.363, 344.819, -45.2579, -75.6982, -201.511]
[178.601, -15.4892, 147.978, -333.464, 344.819, -45.2579, -75.6982, -201.511]
[178.601, -18.2571, 150.746, -333.464, 344.819, -45.2579, -75.6982, -201.511]
[178.601, -18.2571, 150.746, -334.661, 344.819, -45.2579, -74.5009, -201.511]
[178.601, -18.2571, 150.746, -334.661, 345.071, -45.2579, -74.7532, -201.511]
[178.601, -18.2571, 150.746, -338.205, 345.071, -45.2579, -74.7532, -197.967]
[178.601, -18.2571, 150.746, -341.554, 345.071, -45.2579, -74.7532, -194.618]
[179.848, -18.2571, 150.746, -341.554, 345.071, -45.2579, -76.0005, -194.618]
[179.848, -18.2571, 150.746, -341.554, 345.407, -45.5933, -76.0005, -194.618]
[164.106, -18.2571, 150.746, -341.554, 345.407, -45.5933, -60.2579, -194.618]
[164.106, -18.6924, 150.746, -341.554, 345.842, -45.5933, -60.2579, -194.618]
[164.106, -18.0461, 150.746, -342.2, 345.842, -45.5933, -60.2579, -194.618]
[164.106, -18.0461, 150.746, -343.031, 345.842, -44.7625, -60.2579, -194.618]
[164.106, -18.0461, 150.746, -343.031, 345.842, -53.899, -51.1214, -194.618]
[161.735, -18.0461, 150.746, -343.031, 348.212, -53.899, -51.1214, -194.618]
[161.735, -18.0461, 150.867, -343.151, 348.212, -53.899, -51.1214, -194.618]
[163.495, -18.0461, 150.867, -343.151, 348.212, -55.6586, -51.1214, -194.618]
[165.2, -18.0461, 150.867, -343.151, 348.212, -57.3634, -51.1214, -194.618]
[165.2, -18.0461, 152.746, -343.151, 348.212, -59.2433, -51.1214, -194.618]
[165.2, -18.0461, 152.865, -343.27, 348.212, -59.2433, -51.1214, -194.618]
[166.949, -18.0461, 152.865, -343.27, 348.212, -59.2433, -52.8702, -194.618]
[166.949, -18.0461, 152.865, -344.206, 348.212, -58.3072, -52.8702, -194.618]
[166.949, -18.0461, 152.865, -344.206, 348.514, -58.3072, -53.172, -194.618]
[166.949, -18.0461, 152.865, -344.206, 348.814, -58.3072, -53.4721, -194.618]
[168.634, -18.0461, 152.865, -344.206, 348.814, -58.3072, -55.1576, -194.618]
[168.634, -18.0461, 152.865, -347.31, 348.814, -58.3072, -55.1576, -191.514]
[166.232, -18.0461, 152.865, -347.31, 351.216, -58.3072, -55.1576, -191.514]
[167.856, -18.0461, 152.865, -347.31, 351.216, -59.9312, -55.1576, -191.514]
[167.856, -18.0461, 152.978, -347.424, 351.216, -59.9312, -55.1576, -191.514]
[167.856, -18.0461, 152.978, -350.371, 351.216, -59.9312, -55.1576, -188.566]
[167.856, -11.316, 152.978, -350.371, 351.216, -66.6614, -55.1576, -188.566]
[167.856, -11.316, 152.978, -353.178, 351.216, -66.6614, -55.1576, -185.76]
[165.518, -11.316, 152.978, -353.178, 353.554, -66.6614, -55.1576, -185.76]
[167.2, -11.316, 152.978, -353.178, 353.554, -66.6614, -56.8392, -185.76]
[167.2, -11.316, 152.978, -337.131, 353.554, -82.7086, -56.8392, -185.76]
[167.2, -8.79296, 152.978, -337.131, 353.554, -82.7086, -56.8392, -188.283]
[167.2, -8.79296, 154.446, -337.131, 353.554, -84.1761, -56.8392, -188.283]
[167.2, -8.17987, 154.446, -337.744, 353.554, -84.1761, -56.8392, -188.283]
[167.2, -8.17987, 154.568, -337.866, 353.554, -84.1761, -56.8392, -188.283]
[167.2, -8.17987, 154.568, -337.866, 353.829, -84.1761, -57.1147, -188.283]
[167.2, -8.17987, 154.568, -338.832, 353.829, -84.1761, -56.1493, -188.283]
[167.2, -8.17987, 154.568, -324.951, 353.829, -84.1761, -56.1493, -202.164]
[167.2, -8.17987, 154.568, -324.951, 337.078, -67.4245, -56.1493, -202.164]
[167.2, -8.17987, 154.568, -311.832, 337.078, -67.4245, -56.1493, -215.282]
[168.682, -8.17987, 154.568, -311.832, 337.078, -68.9063, -56.1493, -215.282]
[170.124, -8.17987, 154.568, -311.832, 337.078, -70.3485, -56.1493, -215.282]
[170.124, -8.17987, 154.568, -313.224, 337.078, -68.9569, -56.1493, -215.282]
[170.124, -8.17987, 154.568, -314.429, 337.078, -68.9569, -54.9442, -215.282]
[170.124, -8.17987, 156.207, -314.429, 337.078, -70.5958, -54.9442, -215.282]
[167.436, -8.17987, 156.207, -314.429, 339.766, -70.5958, -54.9442, -215.282]
[167.436, -8.17987, 156.207, -315.791, 339.766, -69.2339, -54.9442, -215.282]
[167.436, -2.21052, 156.207, -315.791, 339.766, -75.2033, -54.9442, -215.282]
[168.813, -2.21052, 156.207, -315.791, 339.766, -76.5802, -54.9442, -215.282]
[168.813, -2.21052, 156.207, -315.791, 339.766, -73.1899, -54.9442, -218.673]
[168.813, -2.21052, 156.207, -320.449, 339.766, -73.1899, -54.9442, -214.014]
[168.813, 3.38073, 156.207, -320.449, 339.766, -78.7812, -54.9442, -214.014]
[168.813, 2.81346, 156.207, -320.449, 340.333, -78.7812, -54.9442, -214.014]
[168.813, -0.195816, 159.216, -320.449, 340.333, -78.7812, -54.9442, -214.014]
[168.813, -0.195816, 159.216, -320.449, 340.586, -79.0339, -54.9442, -214.014]
[168.939, -0.195816, 159.216, -320.575, 340.586, -79.0339, -54.9442, -214.014]
[168.939, -0.195816, 159.216, -320.575, 340.837, -79.2855, -54.9442, -214.014]
[168.939, -0.195816, 159.216, -321.969, 340.837, -77.8913, -54.9442, -214.014]
[168.939, -0.195816, 159.216, -323.328, 340.837, -76.5325, -54.9442, -214.014]
[168.939, -0.195816, 159.216, -323.328, 341.095, -76.7896, -54.9442, -214.014]
[170.278, -0.195816, 159.216, -323.328, 341.095, -78.128, -54.9442, -214.014]
[170.399, -0.195816, 159.216, -323.449, 341.095, -78.128, -54.9442, -214.014]
[170.399, -3.05899, 162.08, -323.449, 341.095, -78.128, -54.9442, -214.014]
[170.399, -3.05899, 162.08, -323.471, 341.117, -78.128, -54.9442, -214.014]
[170.399, -3.05899, 162.08, -323.471, 341.434, -78.128, -55.2613, -214.014]
[171.703, -3.05899, 162.08, -323.471, 341.434, -79.4323, -55.2613, -214.014]
[171.703, -3.05899, 162.08, -324.557, 341.434, -79.4323, -54.1752, -214.014]
[171.703, -3.05899, 162.08, -324.557, 341.434, -86.8477, -46.7598, -214.014]
[171.703, -2.40418, 162.08, -325.212, 341.434, -86.8477, -46.7598, -214.014]
[173.418, -2.40418, 162.08, -325.212, 341.434, -86.8477, -48.4752, -214.014]
[173.418, -2.40418, 162.08, -325.212, 341.434, -93.721, -41.602, -214.014]
[173.418, -2.40418, 162.208, -325.341, 341.434, -93.721, -41.602, -214.014]
[173.533, -2.40418, 162.208, -325.456, 341.434, -93.721, -41.602, -214.014]
[173.533, -2.40418, 162.337, -325.584, 341.434, -93.721, -41.602, -214.014]
[173.533, -2.40418, 162.337, -325.584, 341.65, -93.9368, -41.602, -214.014]
[173.533, -2.40418, 162.337, -329.771, 341.65, -93.9368, -41.602, -209.828]
[173.533, -2.40418, 163.551, -329.771, 341.65, -95.1508, -41.602, -209.828]
[173.533, -2.40418, 163.551, -333.698, 341.65, -95.1508, -41.602, -205.9]
[173.533, 2.40336, 163.551, -333.698, 341.65, -99.9583, -41.602, -205.9]
[175.301, 2.40336, 163.551, -333.698, 341.65, -99.9583, -43.3694, -205.9]
[176.317, 2.40336, 163.551, -333.698, 341.65, -100.975, -43.3694, -205.9]
[178.014, 2.40336, 163.551, -333.698, 341.65, -100.975, -45.0661, -205.9]
[178.014, 2.40336, 163.551, -337.394, 341.65, -100.975, -45.0661, -202.204]
[178.014, -0.418757, 166.373, -337.394, 341.65, -100.975, -45.0661, -202.204]
[178.014, 0.145283, 166.373, -337.958, 341.65, -100.975, -45.0661, -202.204]
[178.014, -2.55934, 169.077, -337.958, 341.65, -100.975, -45.0661, -202.204]
[178.014, -2.55934, 169.077, -338.819, 341.65, -100.975, -44.2055, -202.204]
[178.014, -2.55934, 169.077, -338.819, 341.65, -107.111, -38.0693, -202.204]
[178.014, -2.55934, 166.514, -338.819, 344.213, -107.111, -38.0693, -202.204]
[178.014, -2.55934, 166.514, -339.618, 344.213, -107.111, -37.2706, -202.204]
[178.109, -2.55934, 166.514, -339.713, 344.213, -107.111, -37.2706, -202.204]
[178.109, -2.55934, 166.514, -339.713, 344.213, -112.745, -31.6366, -202.204]
[178.109, -2.55934, 166.514, -343.136, 344.213, -112.745, -31.6366, -198.782]
[178.987, -2.55934, 166.514, -343.136, 344.213, -113.623, -31.6366, -198.782]
[179.078, -2.55934, 166.514, -343.227, 344.213, -113.623, -31.6366, -198.782]
[179.94, -2.55934, 166.514, -343.227, 344.213, -114.485, -31.6366, -198.782]
[179.94, -2.55934, 166.514, -343.227, 344.213, -119.641, -26.4809, -198.782]
[180.03, -2.55934, 166.514, -343.317, 344.213, -119.641, -26.4809, -198.782]
[180.03, -2.55934, 166.514, -344.954, 344.213, -118.004, -26.4809, -198.782]
[181.939, -2.55934, 166.514, -344.954, 344.213, -118.004, -28.3897, -198.782]
[181.939, -2.55934, 166.514, -344.954, 344.378, -118.169, -28.3897, -198.782]
[181.939, -2.55934, 166.514, -346.545, 344.378, -116.578, -28.3897, -198.782]
[181.939, -5.19989, 169.155, -346.545, 344.378, -116.578, -28.3897, -198.782]
[181.939, -5.19989, 169.155, -346.562, 344.395, -116.578, -28.3897, -198.782]
[181.939, -5.19989, 166.649, -346.562, 346.901, -116.578, -28.3897, -198.782]
[181.939, -5.19989, 166.649, -348.108, 346.901, -115.032, -28.3897, -198.782]
[181.939, -0.958589, 166.649, -348.108, 346.901, -119.273, -28.3897, -198.782]
[181.939, -0.958589, 166.649, -348.108, 347.29, -119.273, -28.7783, -198.782]
[182.023, -0.958589, 166.649, -348.192, 347.29, -119.273, -28.7783, -198.782]
[182.023, -3.63199, 169.322, -348.192, 347.29, -119.273, -28.7783, -198.782]
[182.023, -3.63199, 166.874, -348.192, 349.738, -119.273, -28.7783, -198.782]
[182.023, -3.63199, 166.874, -349.753, 349.738, -117.712, -28.7783, -198.782]
[182.023, -3.11575, 166.874, -350.269, 349.738, -117.712, -28.7783, -198.782]
[182.023, -3.11575, 166.874, -350.285, 349.753, -117.712, -28.7783, -198.782]
[182.83, -3.11575, 166.874, -350.285, 349.753, -118.519, -28.7783, -198.782]
[182.83, -3.11575, 166.874, -336.379, 349.753, -118.519, -28.7783, -212.687]
[182.83, -3.11575, 167.798, -336.379, 349.753, -119.443, -28.7783, -212.687]
[182.83, -3.11575, 167.798, -323.234, 349.753, -119.443, -28.7783, -225.832]
[182.83, -5.71553, 170.398, -323.234, 349.753, -119.443, -28.7783, -225.832]
[182.83, -5.71553, 170.398, -308.228, 349.753, -134.449, -28.7783, -225.832]
[182.83, -6.18698, 170.398, -308.228, 350.225, -134.449, -28.7783, -225.832]
[182.83, -6.18698, 170.398, -310.765, 350.225, -131.912, -28.7783, -225.832]
[183.528, -6.18698, 170.398, -310.765, 350.225, -132.61, -28.7783, -225.832]
[183.649, -6.18698, 170.398, -310.885, 350.225, -132.61, -28.7783, -225.832]
[183.649, -6.18698, 170.398, -310.885, 350.225, -137.045, -24.3433, -225.832]
[183.649, -6.18698, 170.398, -310.885, 350.354, -137.174, -24.3433, -225.832]
[183.649, -6.18698, 170.398, -310.885, 350.354, -141.321, -20.1967, -225.832]
[183.649, -6.18698, 170.398, -310.908, 350.376, -141.321, -20.1967, -225.832]
[185.603, -6.18698, 170.398, -310.908, 350.376, -141.321, -22.151, -225.832]
[185.603, -2.69883, 170.398, -310.908, 350.376, -144.809, -22.151, -225.832]
[168.759, -2.69883, 170.398, -294.064, 350.376, -144.809, -22.151, -225.832]
[168.759, -2.69883, 170.398, -294.064, 350.776, -144.809, -22.5503, -225.832]
[168.759, -2.69883, 167.999, -294.064, 353.174, -144.809, -22.5503, -225.832]
[168.759, -2.69883, 167.999, -294.064, 353.561, -144.809, -22.9373, -225.832]
[168.759, -2.69883, 167.999, -294.064, 353.676, -144.924, -22.9373, -225.832]
[168.759, -2.69883, 167.999, -294.064, 353.676, -148.791, -19.0708, -225.832]
[168.759, -2.69883, 167.999, -294.064, 354.075, -148.791, -19.4692, -225.832]
[168.759, 0.495469, 167.999, -294.064, 354.075, -151.985, -19.4692, -225.832]
[168.759, 0.495469, 168.165, -294.229, 354.075, -151.985, -19.4692, -225.832]
[168.759, 0.0152761, 168.165, -294.229, 354.555, -151.985, -19.4692, -225.832]
[166.47, 0.0152761, 168.165, -294.229, 356.844, -151.985, -19.4692, -225.832]
[164.271, 0.0152761, 168.165, -294.229, 359.043, -151.985, -19.4692, -225.832]
[164.442, 0.0152761, 168.165, -294.401, 359.043, -151.985, -19.4692, -225.832]
[164.442, 0.0152761, 168.165, -283.121, 359.043, -151.985, -19.4692, -237.112]
[164.442, -2.64594, 170.826, -283.121, 359.043, -151.985, -19.4692, -237.112]
[164.442, -2.64594, 170.826, -284.255, 359.043, -151.985, -18.3357, -237.112]
[164.442, -2.64594, 170.826, -290.773, 359.043, -151.985, -18.3357, -230.594]
[164.442, -2.64594, 170.826, -296.776, 359.043, -151.985, -18.3357, -224.591]
[164.442, -5.1899, 173.37, -296.776, 359.043, -151.985, -18.3357, -224.591]
[166.791, -5.1899, 173.37, -296.776, 359.043, -151.985, -20.6849, -224.591]
[169.047, -5.1899, 173.37, -296.776, 359.043, -151.985, -22.9407, -224.591]
[169.047, -5.1899, 173.523, -296.928, 359.043, -151.985, -22.9407, -224.591]
[169.047, -4.31976, 173.523, -297.799, 359.043, -151.985, -22.9407, -224.591]
[169.047, -4.31976, 173.523, -303.307, 359.043, -151.985, -22.9407, -219.083]
[169.047, -4.31976, 173.523, -308.413, 359.043, -151.985, -22.9407, -213.976]
[169.705, -4.31976, 173.523, -308.413, 359.043, -152.643, -22.9407, -213.976]
[169.705, -4.31976, 173.523, -308.413, 359.407, -152.643, -23.3047, -213.976]
[169.705, -4.31976, 173.523, -296.201, 359.407, -152.643, -23.3047, -226.188]
[171.854, -4.31976, 173.523, -296.201, 359.407, -152.643, -25.4544, -226.188]
[171.854, -3.45081, 173.523, -297.07, 359.407, -152.643, -25.4544, -226.188]
[171.854, -2.59607, 173.523, -297.925, 359.407, -152.643, -25.4544, -226.188]
[171.854, -2.59607, 173.523, -298.969, 359.407, -152.643, -24.4107, -226.188]
[171.854, -2.59607, 173.523, -304.492, 359.407, -152.643, -24.4107, -220.664]
[171.854, -2.59607, 173.523, -304.515, 359.429, -152.643, -24.4107, -220.664]
[171.854, -2.59607, 173.523, -304.515, 359.429, -156.326, -20.7274, -220.664]
[171.854, -2.59607, 173.523, -309.634, 359.429, -156.326, -20.7274, -215.544]
[171.854, -2.59607, 173.523, -309.656, 359.45, -156.326, -20.7274, -215.544]
[171.854, -2.59607, 173.657, -309.79, 359.45, -156.326, -20.7274, -215.544]
[171.854, -2.59607, 173.657, -312.797, 359.45, -153.319, -20.7274, -215.544]
[171.987, -2.59607, 173.657, -312.929, 359.45, -153.319, -20.7274, -215.544]
[172.618, -2.59607, 173.657, -312.929, 359.45, -153.95, -20.7274, -215.544]
[172.618, -1.86723, 173.657, -313.658, 359.45, -153.95, -20.7274, -215.544]
[170.349, -1.86723, 173.657, -313.658, 361.719, -153.95, -20.7274, -215.544]
[170.349, 14.6586, 173.657, -313.658, 345.193, -153.95, -20.7274, -215.544]
[170.349, 15.2718, 173.657, -314.271, 345.193, -153.95, -20.7274, -215.544]
[170.349, 15.2718, 173.657, -314.271, 345.619, -153.95, -21.1533, -215.544]
[170.349, 17.909, 173.657, -314.271, 345.619, -156.587, -21.1533, -215.544]
[170.349, 17.909, 173.657, -314.271, 345.73, -156.698, -21.1533, -215.544]
[170.349, 18.4998, 173.657, -314.862, 345.73, -156.698, -21.1533, -215.544]
[170.349, 18.4998, 173.657, -319.447, 345.73, -156.698, -21.1533, -210.96]
[170.349, 18.4998, 173.657, -322.231, 345.73, -153.913, -21.1533, -210.96]
[170.349, 19.0437, 173.657, -322.775, 345.73, -153.913, -21.1533, -210.96]
[170.349, 19.0437, 173.657, -326.954, 345.73, -153.913, -21.1533, -206.781]
[170.349, 19.0437, 173.657, -327.715, 345.73, -153.913, -20.3922, -206.781]
[170.349, 19.0437, 173.657, -327.715, 345.844, -154.027, -20.3922, -206.781]
[170.349, 18.4215, 173.657, -327.715, 346.466, -154.027, -20.3922, -206.781]
[170.349, 20.9877, 173.657, -327.715, 346.466, -156.594, -20.3922, -206.781]
[170.349, 21.4911, 173.657, -328.218, 346.466, -156.594, -20.3922, -206.781]
[170.349, 21.4911, 174.259, -328.218, 346.466, -157.195, -20.3922, -206.781]
[170.465, 21.4911, 174.259, -328.333, 346.466, -157.195, -20.3922, -206.781]
[170.465, 23.9244, 174.259, -328.333, 346.466, -159.629, -20.3922, -206.781]
[170.465, 24.4108, 174.259, -328.82, 346.466, -159.629, -20.3922, -206.781]
[170.465, 24.4108, 174.259, -332.685, 346.466, -159.629, -20.3922, -202.916]
[170.465, 24.4108, 174.259, -335.238, 346.466, -157.076, -20.3922, -202.916]
[170.465, 24.4108, 174.259, -335.238, 346.888, -157.076, -20.8141, -202.916]
[167.984, 24.4108, 174.259, -335.238, 349.369, -157.076, -20.8141, -202.916]
[168.094, 24.4108, 174.259, -335.348, 349.369, -157.076, -20.8141, -202.916]
[168.094, 24.4108, 174.854, -335.348, 349.369, -157.671, -20.8141, -202.916]
[168.094, 24.4108, 174.854, -338.911, 349.369, -157.671, -20.8141, -199.353]
[168.094, 24.4108, 174.854, -338.929, 349.386, -157.671, -20.8141, -199.353]
[165.714, 24.4108, 174.854, -338.929, 351.766, -157.671, -20.8141, -199.353]
[165.714, 24.4108, 174.854, -342.295, 351.766, -157.671, -20.8141, -195.986]
[165.714, 24.4108, 174.854, -328.523, 351.766, -157.671, -20.8141, -209.759]
[165.714, 24.4108, 174.854, -328.523, 351.766, -161.112, -17.3735, -209.759]
[165.714, 24.4108, 174.854, -332.486, 351.766, -161.112, -17.3735, -205.795]
[165.714, 23.7919, 174.854, -332.486, 352.385, -161.112, -17.3735, -205.795]
[165.714, 23.7919, 174.854, -335.076, 352.385, -158.522, -17.3735, -205.795]
