[201.885, 107.082, 26.8742, -149.773, 82.3728, -57.3777, 20.3973, -231.46]
[201.885, 107.47, 26.8742, -150.161, 82.3728, -57.3777, 20.3973, -231.46]
[201.885, 107.47, 26.8742, -148.488, 82.3728, -57.3777, 20.3973, -233.133]
[202.044, 107.47, 26.8742, -148.647, 82.3728, -57.3777, 20.3973, -233.133]
[202.044, 107.47, 26.8742, -149.494, 82.3728, -57.3777, 21.2452, -233.133]
[202.044, 109.151, 25.193, -149.494, 82.3728, -57.3777, 21.2452, -233.133]
[203.308, 109.151, 25.193, -149.494, 81.1092, -57.3777, 21.2452, -233.133]
[204.835, 107.623, 25.193, -149.494, 81.1092, -57.3777, 21.2452, -233.133]
[205.204, 107.623, 25.193, -149.494, 81.1092, -57.7464, 21.2452, -233.133]
[205.204, 107.623, 25.193, -149.494, 82.1963, -58.8335, 21.2452, -233.133]
[206.436, 107.623, 25.193, -149.494, 80.9648, -58.8335, 21.2452, -233.133]
[206.436, 107.623, 25.193, -150.33, 80.9648, -58.8335, 22.081, -233.133]
[206.436, 107.623, 25.193, -148.675, 80.9648, -58.8335, 22.081, -234.788]
[206.436, 107.623, 25.193, -148.675, 81.1869, -58.8335, 22.081, -235.011]
[206.436, 107.623, 25.193, -147.059, 81.1869, -58.8335, 22.081, -236.626]
[206.436, 107.623, 25.193, -147.059, 82.2638, -59.9104, 22.081, -236.626]
[206.436, 107.623, 25.193, -147.559, 82.7631, -59.9104, 22.081, -236.626]
[206.436, 107.623, 25.193, -148.402, 82.7631, -59.9104, 22.9246, -236.626]
[207.185, 107.623, 25.193, -148.402, 82.7631, -59.9104, 22.1752, -236.626]
[207.185, 107.623, 25.193, -149.993, 82.7631, -58.3196, 22.1752, -236.626]
[207.334, 107.623, 25.193, -150.142, 82.7631, -58.3196, 22.1752, -236.626]
[207.334, 107.623, 25.193, -150.967, 82.7631, -58.3196, 22.9999, -236.626]
[208.801, 106.156, 25.193, -150.967, 82.7631, -58.3196, 22.9999, -236.626]
[208.801, 106.156, 25.193, -150.967, 84.6954, -58.3196, 21.0676, -236.626]
[203.709, 106.156, 25.193, -150.967, 84.6954, -53.2268, 21.0676, -236.626]
[204.979, 106.156, 25.193, -150.967, 83.4255, -53.2268, 21.0676, -236.626]
[204.979, 106.156, 25.193, -150.967, 84.5318, -54.3332, 21.0676, -236.626]
[205.725, 106.156, 25.193, -150.967, 84.5318, -54.3332, 20.3207, -236.626]
[205.875, 106.156, 25.193, -151.116, 84.5318, -54.3332, 20.3207, -236.626]
[206.024, 106.156, 25.193, -151.265, 84.5318, -54.3332, 20.3207, -236.626]
[206.024, 106.156, 25.193, -151.736, 85.0024, -54.3332, 20.3207, -236.626]
[206.024, 106.156, 25.193, -151.736, 86.8739, -54.3332, 18.4492, -236.626]
[206.024, 106.156, 25.193, -150.104, 86.8739, -54.3332, 18.4492, -238.257]
[206.748, 106.156, 25.193, -150.104, 86.8739, -54.3332, 17.7257, -238.257]
[202.065, 106.156, 29.8759, -150.104, 86.8739, -54.3332, 17.7257, -238.257]
[202.065, 106.156, 30.6484, -150.877, 86.8739, -54.3332, 17.7257, -238.257]
[202.065, 106.156, 31.4108, -151.639, 86.8739, -54.3332, 17.7257, -238.257]
[202.454, 106.156, 31.4108, -151.639, 86.8739, -54.7224, 17.7257, -238.257]
[202.454, 106.156, 31.4108, -152.485, 86.8739, -54.7224, 18.5713, -238.257]
[202.454, 106.156, 31.4108, -153.318, 86.8739, -54.7224, 19.4049, -238.257]
[202.454, 106.156, 31.4108, -153.318, 87.9373, -55.7858, 19.4049, -238.257]
[203.768, 106.156, 31.4108, -153.318, 86.6231, -55.7858, 19.4049, -238.257]
[203.768, 106.156, 31.4108, -153.318, 86.8265, -55.7858, 19.4049, -238.461]
[203.917, 106.156, 31.4108, -153.467, 86.8265, -55.7858, 19.4049, -238.461]
[203.917, 106.156, 31.4108, -153.467, 87.8813, -56.8406, 19.4049, -238.461]
[203.917, 106.156, 31.4108, -153.467, 84.2614, -56.8406, 23.0248, -238.461]
[203.917, 106.156, 31.4108, -153.93, 84.7238, -56.8406, 23.0248, -238.461]
[203.917, 106.156, 31.4108, -152.294, 84.7238, -56.8406, 23.0248, -240.097]
[204.291, 106.156, 31.4108, -152.294, 84.7238, -57.2144, 23.0248, -240.097]
[204.291, 106.156, 31.4108, -153.812, 84.7238, -55.6967, 23.0248, -240.097]
[199.223, 106.156, 31.4108, -153.812, 84.7238, -50.6281, 23.0248, -240.097]
[199.223, 106.156, 32.1492, -154.55, 84.7238, -50.6281, 23.0248, -240.097]
[200.085, 106.156, 31.2871, -154.55, 84.7238, -50.6281, 23.0248, -240.097]
[200.237, 106.156, 31.2871, -154.703, 84.7238, -50.6281, 23.0248, -240.097]
[200.237, 106.156, 31.2871, -153.077, 84.7238, -50.6281, 23.0248, -241.723]
[200.237, 106.156, 31.2871, -153.875, 84.7238, -50.6281, 23.8234, -241.723]
[201.766, 104.627, 31.2871, -153.875, 84.7238, -50.6281, 23.8234, -241.723]
[201.766, 104.627, 31.2871, -153.875, 81.1969, -50.6281, 27.3502, -241.723]
[201.917, 104.627, 31.2871, -154.026, 81.1969, -50.6281, 27.3502, -241.723]
[201.917, 104.627, 32.0249, -154.764, 81.1969, -50.6281, 27.3502, -241.723]
[201.917, 105.006, 32.0249, -155.143, 81.1969, -50.6281, 27.3502, -241.723]
[201.917, 105.006, 32.0249, -155.899, 81.1969, -50.6281, 28.1062, -241.723]
[201.917, 105.954, 32.0249, -155.899, 81.1969, -51.5765, 28.1062, -241.723]
[201.917, 105.954, 32.0249, -155.899, 83.2133, -51.5765, 26.0899, -241.723]
[202.317, 105.954, 32.0249, -155.899, 83.2133, -51.9764, 26.0899, -241.723]
[202.317, 107.714, 30.2653, -155.899, 83.2133, -51.9764, 26.0899, -241.723]
[202.464, 107.714, 30.2653, -156.046, 83.2133, -51.9764, 26.0899, -241.723]
[202.464, 107.714, 30.2653, -156.046, 85.1787, -51.9764, 24.1245, -241.723]
[202.464, 107.714, 30.2653, -156.817, 85.1787, -51.9764, 24.8957, -241.723]
[202.464, 107.714, 30.6019, -156.817, 85.1787, -51.9764, 24.8957, -242.059]
[203.751, 107.714, 30.6019, -156.817, 83.8918, -51.9764, 24.8957, -242.059]
[203.751, 107.714, 30.6019, -155.19, 83.8918, -51.9764, 24.8957, -243.687]
[203.751, 109.436, 28.8799, -155.19, 83.8918, -51.9764, 24.8957, -243.687]
[203.751, 109.436, 28.8799, -159.044, 83.8918, -51.9764, 24.8957, -239.833]
[203.751, 109.436, 28.8799, -154.989, 83.8918, -56.0315, 24.8957, -239.833]
[204.558, 109.436, 28.0729, -154.989, 83.8918, -56.0315, 24.8957, -239.833]
[204.558, 109.436, 28.0729, -155.447, 84.3494, -56.0315, 24.8957, -239.833]
[206.075, 107.919, 28.0729, -155.447, 84.3494, -56.0315, 24.8957, -239.833]
[206.861, 107.919, 27.2872, -155.447, 84.3494, -56.0315, 24.8957, -239.833]
[208.097, 107.919, 27.2872, -155.447, 83.1131, -56.0315, 24.8957, -239.833]
[208.097, 107.919, 27.2872, -155.905, 83.572, -56.0315, 24.8957, -239.833]
[208.097, 107.919, 27.2872, -155.905, 84.6526, -57.1121, 24.8957, -239.833]
[208.097, 107.919, 27.2872, -155.905, 86.585, -57.1121, 22.9633, -239.833]
[208.097, 107.919, 27.2872, -154.263, 86.585, -57.1121, 22.9633, -241.475]
[208.239, 107.919, 27.2872, -154.404, 86.585, -57.1121, 22.9633, -241.475]
[208.597, 107.919, 27.2872, -154.404, 86.585, -57.4702, 22.9633, -241.475]
[208.597, 107.919, 27.2872, -154.404, 87.6275, -58.5127, 22.9633, -241.475]
[208.597, 107.919, 27.2872, -155.194, 87.6275, -58.5127, 23.7533, -241.475]
[209.848, 107.919, 27.2872, -155.194, 86.3765, -58.5127, 23.7533, -241.475]
[211.075, 107.919, 27.2872, -155.194, 85.1494, -58.5127, 23.7533, -241.475]
[211.075, 109.599, 25.6065, -155.194, 85.1494, -58.5127, 23.7533, -241.475]
[211.075, 111.241, 23.9645, -155.194, 85.1494, -58.5127, 23.7533, -241.475]
[212.279, 111.241, 23.9645, -155.194, 83.9455, -58.5127, 23.7533, -241.475]
[212.619, 111.241, 23.9645, -155.194, 83.9455, -58.8531, 23.7533, -241.475]
[212.619, 111.241, 23.9645, -155.651, 84.402, -58.8531, 23.7533, -241.475]
[212.619, 112.082, 23.9645, -155.651, 84.402, -59.6935, 23.7533, -241.475]
[214.078, 110.623, 23.9645, -155.651, 84.402, -59.6935, 23.7533, -241.475]
[214.078, 110.623, 23.9645, -157.159, 84.402, -58.1854, 23.7533, -241.475]
[214.078, 110.973, 23.9645, -157.509, 84.402, -58.1854, 23.7533, -241.475]
[214.786, 110.973, 23.2567, -157.509, 84.402, -58.1854, 23.7533, -241.475]
[214.786, 112.573, 21.6572, -157.509, 84.402, -58.1854, 23.7533, -241.475]
[214.786, 113.408, 21.6572, -157.509, 84.402, -59.0211, 23.7533, -241.475]
[214.786, 113.408, 21.6572, -158.99, 84.402, -57.5404, 23.7533, -241.475]
[214.786, 114.963, 20.1028, -158.99, 84.402, -57.5404, 23.7533, -241.475]
[210.807, 118.942, 20.1028, -158.99, 84.402, -57.5404, 23.7533, -241.475]
[210.807, 118.942, 20.1028, -158.99, 80.8783, -57.5404, 27.277, -241.475]
[210.807, 118.942, 20.1028, -159.721, 80.8783, -57.5404, 28.0088, -241.475]
[210.807, 118.942, 20.1028, -158.054, 80.8783, -57.5404, 28.0088, -243.143]
[210.807, 118.942, 20.1028, -158.054, 81.9691, -58.6313, 28.0088, -243.143]
[211.511, 118.942, 19.3987, -158.054, 81.9691, -58.6313, 28.0088, -243.143]
[212.207, 118.942, 18.7032, -158.054, 81.9691, -58.6313, 28.0088, -243.143]
[212.207, 118.942, 18.7032, -156.424, 81.9691, -58.6313, 28.0088, -244.772]
[212.207, 118.942, 18.7032, -156.884, 82.4287, -58.6313, 28.0088, -244.772]
[212.207, 118.942, 18.7032, -156.884, 84.4282, -58.6313, 26.0093, -244.772]
[212.207, 118.942, 19.5053, -157.686, 84.4282, -58.6313, 26.0093, -244.772]
[212.207, 118.942, 19.5053, -158.434, 84.4282, -58.6313, 26.7575, -244.772]
[212.207, 120.412, 18.0348, -158.434, 84.4282, -58.6313, 26.7575, -244.772]
[212.944, 120.412, 18.0348, -158.434, 84.4282, -58.6313, 26.0205, -244.772]
[212.944, 120.412, 18.0348, -158.434, 85.4791, -59.6822, 26.0205, -244.772]
[212.944, 120.412, 18.0348, -158.434, 86.5123, -60.7154, 26.0205, -244.772]
[213.671, 120.412, 18.0348, -158.434, 86.5123, -60.7154, 25.2929, -244.772]
[213.671, 120.412, 18.8309, -159.23, 86.5123, -60.7154, 25.2929, -244.772]
[209.764, 124.319, 18.8309, -159.23, 86.5123, -60.7154, 25.2929, -244.772]
[210.993, 124.319, 18.8309, -159.23, 85.2832, -60.7154, 25.2929, -244.772]
[211.688, 124.319, 18.1357, -159.23, 85.2832, -60.7154, 25.2929, -244.772]
[211.688, 124.319, 18.1357, -157.606, 85.2832, -60.7154, 25.2929, -246.397]
[211.688, 124.319, 18.1357, -158.359, 85.2832, -60.7154, 26.0463, -246.397]
[211.688, 124.319, 18.1357, -156.763, 85.2832, -60.7154, 26.0463, -247.993]
[211.688, 124.319, 18.1357, -156.763, 87.2221, -60.7154, 24.1073, -247.993]
[211.688, 124.319, 18.1357, -155.203, 87.2221, -60.7154, 24.1073, -249.553]
[211.688, 125.719, 16.7365, -155.203, 87.2221, -60.7154, 24.1073, -249.553]
[211.688, 127.089, 15.3663, -155.203, 87.2221, -60.7154, 24.1073, -249.553]
[211.688, 127.089, 15.3663, -155.203, 82.7872, -56.2805, 24.1073, -249.553]
[211.688, 127.394, 15.3663, -155.509, 82.7872, -56.2805, 24.1073, -249.553]
[211.688, 128.143, 15.3663, -155.509, 82.7872, -57.0289, 24.1073, -249.553]
[211.688, 128.143, 15.3663, -155.509, 84.7331, -57.0289, 22.1614, -249.553]
[213.335, 126.496, 15.3663, -155.509, 84.7331, -57.0289, 22.1614, -249.553]
[208.232, 126.496, 15.3663, -155.509, 84.7331, -51.9256, 22.1614, -249.553]
[208.232, 126.496, 15.3663, -159.425, 84.7331, -51.9256, 22.1614, -245.637]
[208.232, 127.278, 15.3663, -159.425, 84.7331, -52.7085, 22.1614, -245.637]
[204.014, 127.278, 15.3663, -159.425, 88.9513, -52.7085, 22.1614, -245.637]
[204.774, 127.278, 15.3663, -159.425, 88.9513, -52.7085, 21.4012, -245.637]
[204.774, 127.278, 15.3663, -157.808, 88.9513, -52.7085, 21.4012, -247.253]
[204.774, 127.278, 15.3663, -158.586, 88.9513, -52.7085, 22.1789, -247.253]
[201.046, 131.006, 15.3663, -158.586, 88.9513, -52.7085, 22.1789, -247.253]
[195.747, 131.006, 15.3663, -153.286, 88.9513, -52.7085, 22.1789, -247.253]
[197.139, 131.006, 15.3663, -153.286, 87.5585, -52.7085, 22.1789, -247.253]
[197.946, 131.006, 15.3663, -153.286, 87.5585, -52.7085, 21.3725, -247.253]
[198.009, 131.006, 15.3663, -153.286, 87.5585, -52.7085, 21.3725, -247.316]
[198.009, 131.006, 16.217, -154.137, 87.5585, -52.7085, 21.3725, -247.316]
[198.419, 131.006, 16.217, -154.137, 87.5585, -53.1188, 21.3725, -247.316]
[198.419, 131.006, 16.217, -154.137, 87.7433, -53.1188, 21.3725, -247.501]
[198.419, 131.303, 16.217, -154.434, 87.7433, -53.1188, 21.3725, -247.501]
[199.772, 131.303, 16.217, -154.434, 86.3904, -53.1188, 21.3725, -247.501]
[200.555, 131.303, 16.217, -154.434, 86.3904, -53.1188, 20.5894, -247.501]
[200.555, 126.602, 16.217, -154.434, 86.3904, -48.4173, 20.5894, -247.501]
[195.882, 126.602, 16.217, -154.434, 86.3904, -48.4173, 25.2619, -247.501]
[195.882, 126.602, 16.217, -158.339, 86.3904, -48.4173, 25.2619, -243.596]
[197.698, 124.786, 16.217, -158.339, 86.3904, -48.4173, 25.2619, -243.596]
[197.698, 120.716, 20.2875, -158.339, 86.3904, -48.4173, 25.2619, -243.596]
[197.698, 120.716, 20.2875, -159.088, 86.3904, -48.4173, 26.0107, -243.596]
[197.698, 120.716, 20.2875, -162.897, 86.3904, -48.4173, 26.0107, -239.787]
[197.698, 120.716, 20.2875, -162.897, 86.3904, -48.4173, 20.9223, -234.698]
[198.492, 120.716, 20.2875, -162.897, 86.3904, -48.4173, 20.1283, -234.698]
[198.917, 120.716, 20.2875, -162.897, 86.3904, -48.8423, 20.1283, -234.698]
[200.626, 119.007, 20.2875, -162.897, 86.3904, -48.8423, 20.1283, -234.698]
[200.626, 119.007, 20.2875, -163.313, 86.8061, -48.8423, 20.1283, -234.698]
[200.626, 119.007, 20.2875, -161.523, 86.8061, -48.8423, 20.1283, -236.488]
[200.626, 119.007, 20.2875, -159.776, 86.8061, -48.8423, 20.1283, -238.236]
[201.396, 119.007, 19.5174, -159.776, 86.8061, -48.8423, 20.1283, -238.236]
[201.396, 119.863, 19.5174, -159.776, 86.8061, -49.6988, 20.1283, -238.236]
[201.396, 121.324, 18.0567, -159.776, 86.8061, -49.6988, 20.1283, -238.236]
[201.396, 122.158, 18.0567, -159.776, 86.8061, -50.5326, 20.1283, -238.236]
[201.396, 122.158, 18.0567, -159.776, 87.9064, -51.6329, 20.1283, -238.236]
[201.539, 122.158, 18.0567, -159.919, 87.9064, -51.6329, 20.1283, -238.236]
[201.539, 122.158, 18.8426, -160.705, 87.9064, -51.6329, 20.1283, -238.236]
[201.681, 122.158, 18.8426, -160.846, 87.9064, -51.6329, 20.1283, -238.236]
[201.681, 122.972, 18.8426, -160.846, 87.9064, -52.4474, 20.1283, -238.236]
[201.681, 123.273, 18.8426, -161.147, 87.9064, -52.4474, 20.1283, -238.236]
[201.681, 123.273, 18.8426, -161.147, 82.6624, -52.4474, 20.1283, -232.992]
[201.681, 123.273, 18.8426, -161.911, 82.6624, -52.4474, 20.8923, -232.992]
[202.079, 123.273, 18.8426, -161.911, 82.6624, -52.8449, 20.8923, -232.992]
[202.079, 124.691, 17.4251, -161.911, 82.6624, -52.8449, 20.8923, -232.992]
[202.821, 124.691, 16.6831, -161.911, 82.6624, -52.8449, 20.8923, -232.992]
[202.821, 124.691, 17.4648, -162.693, 82.6624, -52.8449, 20.8923, -232.992]
[202.821, 124.982, 17.4648, -162.984, 82.6624, -52.8449, 20.8923, -232.992]
[204.08, 124.982, 17.4648, -162.984, 81.4036, -52.8449, 20.8923, -232.992]
[204.809, 124.982, 16.7353, -162.984, 81.4036, -52.8449, 20.8923, -232.992]
[204.809, 124.982, 16.7353, -163.419, 81.8385, -52.8449, 20.8923, -232.992]
[204.809, 125.769, 16.7353, -163.419, 81.8385, -53.6318, 20.8923, -232.992]
[204.809, 125.769, 16.7353, -163.419, 83.7562, -53.6318, 18.9746, -232.992]
[204.809, 127.139, 15.3655, -163.419, 83.7562, -53.6318, 18.9746, -232.992]
[206.059, 127.139, 15.3655, -163.419, 82.506, -53.6318, 18.9746, -232.992]
[206.059, 128.48, 14.0237, -163.419, 82.506, -53.6318, 18.9746, -232.992]
[207.286, 128.48, 14.0237, -163.419, 81.2797, -53.6318, 18.9746, -232.992]
[207.286, 128.48, 14.0237, -164.781, 81.2797, -52.2698, 18.9746, -232.992]
[207.286, 128.48, 14.0237, -164.781, 82.4136, -53.4038, 18.9746, -232.992]
[207.66, 128.48, 14.0237, -164.781, 82.4136, -53.7778, 18.9746, -232.992]
[208.87, 128.48, 14.0237, -164.781, 81.2033, -53.7778, 18.9746, -232.992]
[204.613, 128.48, 14.0237, -164.781, 85.4607, -53.7778, 18.9746, -232.992]
[204.613, 128.48, 14.0237, -164.781, 87.3101, -53.7778, 17.1252, -232.992]
[204.613, 128.48, 14.0237, -164.781, 88.3779, -54.8456, 17.1252, -232.992]
[204.613, 128.48, 14.0237, -162.953, 88.3779, -54.8456, 17.1252, -234.82]
[204.613, 128.48, 15.8441, -162.953, 88.3779, -56.666, 17.1252, -234.82]
[205.337, 128.48, 15.8441, -162.953, 88.3779, -56.666, 16.4011, -234.82]
[205.47, 128.48, 15.8441, -163.086, 88.3779, -56.666, 16.4011, -234.82]
[207.194, 126.757, 15.8441, -163.086, 88.3779, -56.666, 16.4011, -234.82]
[207.194, 126.9, 15.8441, -163.086, 88.3779, -56.666, 16.4011, -234.963]
[207.194, 126.9, 17.6207, -163.086, 88.3779, -58.4425, 16.4011, -234.963]
[207.194, 126.9, 19.355, -163.086, 88.3779, -60.1768, 16.4011, -234.963]
[207.194, 127.184, 19.355, -163.37, 88.3779, -60.1768, 16.4011, -234.963]
[207.194, 6.9055, 139.633, -163.37, 88.3779, -60.1768, 16.4011, -234.963]
[207.194, 6.9055, 139.884, -163.621, 88.3779, -60.1768, 16.4011, -234.963]
[208.466, 6.9055, 139.884, -163.621, 87.1059, -60.1768, 16.4011, -234.963]
[208.466, 6.9055, 139.884, -161.831, 87.1059, -60.1768, 16.4011, -236.753]
[208.466, 6.9055, 139.884, -161.831, 88.9042, -60.1768, 14.6029, -236.753]
[208.466, 6.9055, 139.884, -160.083, 88.9042, -60.1768, 14.6029, -238.501]
[208.466, 6.9055, 139.884, -161.548, 88.9042, -58.7114, 14.6029, -238.501]
[208.597, 6.9055, 139.884, -161.68, 88.9042, -58.7114, 14.6029, -238.501]
[208.597, 6.9055, 139.884, -159.954, 88.9042, -58.7114, 14.6029, -240.226]
[208.597, 7.76914, 139.884, -160.818, 88.9042, -58.7114, 14.6029, -240.226]
[208.949, 7.76914, 139.884, -160.818, 88.9042, -59.0631, 14.6029, -240.226]
[208.949, 7.76914, 139.884, -161.621, 88.9042, -59.0631, 15.4061, -240.226]
[208.949, 7.76914, 140.539, -161.621, 88.9042, -59.7182, 15.4061, -240.226]
[208.949, 7.76914, 140.539, -162.032, 89.3152, -59.7182, 15.4061, -240.226]
[208.949, 7.76914, 140.539, -160.323, 89.3152, -59.7182, 15.4061, -241.936]
[208.949, 6.62819, 141.68, -160.323, 89.3152, -59.7182, 15.4061, -241.936]
[209.296, 6.62819, 141.68, -160.323, 89.3152, -60.0654, 15.4061, -241.936]
[209.296, 6.62819, 142.319, -160.323, 89.3152, -60.7045, 15.4061, -241.936]
[209.296, 6.62819, 142.319, -161.792, 89.3152, -59.236, 15.4061, -241.936]
[209.981, 6.62819, 142.319, -161.792, 89.3152, -59.236, 14.7213, -241.936]
[209.981, 6.62819, 142.959, -161.792, 89.3152, -59.8763, 14.7213, -241.936]
[209.981, 6.62819, 143.206, -162.038, 89.3152, -59.8763, 14.7213, -241.936]
[209.981, 7.47879, 143.206, -162.889, 89.3152, -59.8763, 14.7213, -241.936]
[209.981, 7.47879, 143.206, -161.19, 89.3152, -59.8763, 14.7213, -243.635]
[210.657, 7.47879, 143.206, -161.19, 89.3152, -59.8763, 14.0446, -243.635]
[210.657, 7.47879, 143.838, -161.19, 89.3152, -60.5079, 14.0446, -243.635]
[210.786, 7.47879, 143.838, -161.319, 89.3152, -60.5079, 14.0446, -243.635]
[211.417, 6.84839, 143.838, -161.319, 89.3152, -60.5079, 14.0446, -243.635]
[211.417, 6.84839, 143.838, -159.658, 89.3152, -60.5079, 14.0446, -245.296]
[213.253, 6.84839, 142.002, -159.658, 89.3152, -60.5079, 14.0446, -245.296]
[213.253, 6.84839, 142.637, -159.658, 89.3152, -61.1428, 14.0446, -245.296]
[213.866, 6.23505, 142.637, -159.658, 89.3152, -61.1428, 14.0446, -245.296]
[213.866, 6.23505, 142.637, -158.034, 89.3152, -61.1428, 14.0446, -246.919]
[214.516, 6.23505, 142.637, -158.034, 89.3152, -61.1428, 13.3946, -246.919]
[214.516, 6.23505, 143.264, -158.034, 89.3152, -61.7705, 13.3946, -246.919]
[214.516, 6.23505, 143.264, -158.034, 91.0512, -61.7705, 11.6586, -246.919]
[214.516, 5.13204, 144.367, -158.034, 91.0512, -61.7705, 11.6586, -246.919]
[214.516, 5.13204, 144.367, -158.451, 91.4678, -61.7705, 11.6586, -246.919]
[214.516, 5.13204, 144.367, -158.864, 91.8811, -61.7705, 11.6586, -246.919]
[215.751, 5.13204, 144.367, -158.864, 90.6461, -61.7705, 11.6586, -246.919]
[215.751, 5.13204, 144.367, -162.714, 90.6461, -61.7705, 11.6586, -243.07]
[215.751, 4.0483, 145.451, -162.714, 90.6461, -61.7705, 11.6586, -243.07]
[215.751, 8.4283, 141.071, -162.714, 90.6461, -61.7705, 11.6586, -243.07]
[215.751, 7.2862, 142.213, -162.714, 90.6461, -61.7705, 11.6586, -243.07]
[215.751, 7.2862, 142.213, -162.714, 86.901, -61.7705, 15.4037, -243.07]
[215.751, 7.2862, 142.213, -161.03, 86.901, -61.7705, 15.4037, -244.754]
[215.751, 7.2862, 142.464, -161.28, 86.901, -61.7705, 15.4037, -244.754]
[215.751, 7.2862, 142.464, -162.75, 86.901, -60.3009, 15.4037, -244.754]
[215.751, 7.2862, 142.464, -162.75, 87.9172, -61.3171, 15.4037, -244.754]
[210.627, 7.2862, 142.464, -162.75, 87.9172, -56.193, 15.4037, -244.754]
[210.627, 7.2862, 142.464, -162.75, 88.9592, -57.235, 15.4037, -244.754]
[210.627, 7.2862, 142.464, -157.711, 83.9208, -57.235, 15.4037, -244.754]
[210.627, 6.1668, 143.583, -157.711, 83.9208, -57.235, 15.4037, -244.754]
[210.627, 6.1668, 143.693, -157.711, 83.9208, -57.235, 15.4037, -244.864]
[210.627, 6.1668, 143.948, -157.966, 83.9208, -57.235, 15.4037, -244.864]
[210.627, 6.1668, 143.948, -156.357, 83.9208, -57.235, 15.4037, -246.472]
[210.627, 6.1668, 143.948, -156.357, 84.9879, -58.3022, 15.4037, -246.472]
[210.627, 7.06242, 143.948, -157.253, 84.9879, -58.3022, 15.4037, -246.472]
[210.627, 7.06242, 143.948, -158.728, 84.9879, -56.8265, 15.4037, -246.472]
[210.978, 7.06242, 143.948, -158.728, 84.9879, -57.1777, 15.4037, -246.472]
[210.978, 7.06242, 143.948, -159.541, 84.9879, -57.1777, 16.2158, -246.472]
[210.978, 7.06242, 143.948, -160.98, 84.9879, -55.7384, 16.2158, -246.472]
[210.978, 5.95814, 145.052, -160.98, 84.9879, -55.7384, 16.2158, -246.472]
[210.978, 5.95814, 145.697, -160.98, 84.9879, -56.383, 16.2158, -246.472]
[210.978, 4.87876, 146.776, -160.98, 84.9879, -56.383, 16.2158, -246.472]
[212.856, 4.87876, 144.899, -160.98, 84.9879, -56.383, 16.2158, -246.472]
[214.041, 4.87876, 144.899, -160.98, 83.8021, -56.383, 16.2158, -246.472]
[214.041, 4.87876, 145.54, -160.98, 83.8021, -57.0248, 16.2158, -246.472]
[214.041, 4.87876, 145.54, -155.968, 78.7905, -57.0248, 16.2158, -246.472]
[214.041, 4.87876, 145.54, -154.4, 78.7905, -57.0248, 16.2158, -248.041]
[214.381, 4.87876, 145.54, -154.4, 78.7905, -57.3642, 16.2158, -248.041]
[214.381, 4.87876, 145.54, -154.4, 79.9012, -58.475, 16.2158, -248.041]
[214.381, 4.87876, 145.54, -158.311, 79.9012, -58.475, 16.2158, -244.129]
[214.715, 4.87876, 145.54, -158.311, 79.9012, -58.8088, 16.2158, -244.129]
[209.601, 4.87876, 145.54, -158.311, 79.9012, -53.6955, 16.2158, -244.129]
[209.601, 4.87876, 145.54, -153.327, 74.9165, -53.6955, 16.2158, -244.129]
[211.481, 4.87876, 143.661, -153.327, 74.9165, -53.6955, 16.2158, -244.129]
[206.712, 4.87876, 143.661, -153.327, 74.9165, -53.6955, 20.9842, -244.129]
[206.712, 4.87876, 143.661, -154.795, 74.9165, -52.2272, 20.9842, -244.129]
[206.712, 4.87876, 143.661, -155.596, 74.9165, -52.2272, 21.785, -244.129]
[206.712, 4.87876, 143.661, -154.006, 74.9165, -52.2272, 21.785, -245.72]
[206.856, 4.87876, 143.661, -154.149, 74.9165, -52.2272, 21.785, -245.72]
[206.856, 4.87876, 144.334, -154.149, 74.9165, -52.9001, 21.785, -245.72]
[206.856, 4.87876, 144.334, -152.593, 74.9165, -52.9001, 21.785, -247.276]
[208.004, 4.87876, 144.334, -152.593, 73.7681, -52.9001, 21.785, -247.276]
[208.004, 4.87876, 144.334, -153.403, 73.7681, -52.9001, 22.5954, -247.276]
[208.004, 4.87876, 144.334, -154.862, 73.7681, -51.4411, 22.5954, -247.276]
[208.004, 4.87876, 144.334, -150.845, 73.7681, -55.4581, 22.5954, -247.276]
[208.004, 3.79692, 145.416, -150.845, 73.7681, -55.4581, 22.5954, -247.276]
[208.004, 3.79692, 145.684, -151.113, 73.7681, -55.4581, 22.5954, -247.276]
[208.004, 3.79692, 145.684, -152.624, 73.7681, -53.9467, 22.5954, -247.276]
[208.004, 4.73915, 145.684, -153.567, 73.7681, -53.9467, 22.5954, -247.276]
[208.004, 4.73915, 145.684, -155.035, 73.7681, -52.4782, 22.5954, -247.276]
[208.742, 4.73915, 145.684, -155.035, 73.7681, -52.4782, 21.8582, -247.276]
[208.742, 0.210487, 145.684, -150.506, 73.7681, -52.4782, 21.8582, -247.276]
[209.469, 0.210487, 145.684, -150.506, 73.7681, -52.4782, 21.1303, -247.276]
[209.614, 0.210487, 145.684, -150.651, 73.7681, -52.4782, 21.1303, -247.276]
[209.614, 0.210487, 145.684, -149.15, 73.7681, -52.4782, 21.1303, -248.777]
[209.614, 0.210487, 145.684, -149.15, 70.3451, -52.4782, 24.5533, -248.777]
[209.614, 1.209, 145.684, -150.149, 70.3451, -52.4782, 24.5533, -248.777]
[204.314, 1.209, 145.684, -144.849, 70.3451, -52.4782, 24.5533, -248.777]
[204.314, 1.209, 145.684, -263.925, 70.3451, -52.4782, 24.5533, -129.701]
[204.314, 1.209, 145.684, -263.925, 71.5784, -53.7115, 24.5533, -129.701]
[204.314, 1.209, 145.684, -263.925, 72.7882, -54.9214, 24.5533, -129.701]
[204.314, 1.209, 145.684, -264.106, 72.9698, -54.9214, 24.5533, -129.701]
[205.468, 1.209, 145.684, -264.106, 71.8159, -54.9214, 24.5533, -129.701]
[205.468, 1.209, 145.772, -264.195, 71.8159, -54.9214, 24.5533, -129.701]
[205.468, 0.170772, 146.811, -264.195, 71.8159, -54.9214, 24.5533, -129.701]
[205.468, 0.170772, 146.811, -264.378, 71.9987, -54.9214, 24.5533, -129.701]
[205.468, 0.170772, 146.811, -259.22, 71.9987, -54.9214, 19.3951, -129.701]
[206.603, 0.170772, 146.811, -259.22, 70.864, -54.9214, 19.3951, -129.701]
[206.603, 0.170772, 146.811, -259.413, 71.0575, -54.9214, 19.3951, -129.701]
[206.603, 4.59493, 142.387, -259.413, 71.0575, -54.9214, 19.3951, -129.701]
[206.603, 4.59493, 142.387, -259.729, 71.0575, -54.9214, 19.7108, -129.701]
[206.603, 5.72218, 142.387, -259.729, 71.0575, -54.9214, 19.7108, -130.828]
[207.331, 5.72218, 142.387, -259.729, 71.0575, -54.9214, 18.9829, -130.828]
[207.331, 4.61595, 143.493, -259.729, 71.0575, -54.9214, 18.9829, -130.828]
[207.331, 4.61595, 143.588, -259.824, 71.0575, -54.9214, 18.9829, -130.828]
[202.254, 4.61595, 143.588, -259.824, 71.0575, -49.8449, 18.9829, -130.828]
[202.254, 4.61595, 143.588, -259.824, 72.3092, -51.0966, 18.9829, -130.828]
[202.655, 4.61595, 143.588, -259.824, 72.3092, -51.4971, 18.9829, -130.828]
[202.655, 4.61595, 143.588, -259.824, 68.0881, -47.2759, 18.9829, -130.828]
[202.655, 3.52992, 144.674, -259.824, 68.0881, -47.2759, 18.9829, -130.828]
[202.655, 3.52992, 145.37, -259.824, 68.0881, -47.9724, 18.9829, -130.828]
[197.397, 3.52992, 145.37, -259.824, 68.0881, -47.9724, 18.9829, -125.57]
[192.383, 3.52992, 145.37, -259.824, 68.0881, -42.9585, 18.9829, -125.57]
[192.383, 3.8948, 145.37, -260.189, 68.0881, -42.9585, 18.9829, -125.57]
[192.383, 3.8948, 145.37, -260.386, 68.285, -42.9585, 18.9829, -125.57]
[192.383, 3.8948, 146.089, -260.386, 68.285, -43.6773, 18.9829, -125.57]
[192.441, 3.8948, 146.089, -260.444, 68.285, -43.6773, 18.9829, -125.57]
[193.662, 3.8948, 146.089, -260.444, 67.0644, -43.6773, 18.9829, -125.57]
[193.662, 3.8948, 146.089, -260.642, 67.2628, -43.6773, 18.9829, -125.57]
[193.662, 3.8948, 146.089, -260.956, 67.2628, -43.6773, 19.2962, -125.57]
[195.749, 3.8948, 144.002, -260.956, 67.2628, -43.6773, 19.2962, -125.57]
[195.749, 8.26366, 139.633, -260.956, 67.2628, -43.6773, 19.2962, -125.57]
[196.204, 8.26366, 139.633, -260.956, 67.2628, -44.1325, 19.2962, -125.57]
[196.925, 7.54242, 139.633, -260.956, 67.2628, -44.1325, 19.2962, -125.57]
[198.889, 7.54242, 137.67, -260.956, 67.2628, -44.1325, 19.2962, -125.57]
[198.889, 7.54242, 137.67, -261.153, 67.4598, -44.1325, 19.2962, -125.57]
[198.889, 6.37745, 138.835, -261.153, 67.4598, -44.1325, 19.2962, -125.57]
[198.943, 6.37745, 138.835, -261.207, 67.4598, -44.1325, 19.2962, -125.57]
[198.943, 6.37745, 138.835, -262.322, 67.4598, -44.1325, 19.2962, -124.455]
[198.943, 5.23367, 139.979, -262.322, 67.4598, -44.1325, 19.2962, -124.455]
[198.943, 5.23367, 139.979, -262.322, 68.8035, -45.4762, 19.2962, -124.455]
[198.943, 5.23367, 139.979, -262.514, 68.9951, -45.4762, 19.2962, -124.455]
[198.943, 5.23367, 139.979, -263.608, 68.9951, -45.4762, 19.2962, -123.361]
[198.943, 5.23367, 139.979, -263.797, 69.184, -45.4762, 19.2962, -123.361]
[198.995, 5.23367, 139.979, -263.849, 69.184, -45.4762, 19.2962, -123.361]
[198.995, 5.23367, 139.979, -264.922, 69.184, -45.4762, 19.2962, -122.288]
[198.995, 9.55548, 135.657, -264.922, 69.184, -45.4762, 19.2962, -122.288]
[198.995, 9.55548, 135.657, -265.977, 69.184, -45.4762, 19.2962, -121.234]
[200.163, 9.55548, 135.657, -265.977, 68.0161, -45.4762, 19.2962, -121.234]
[200.163, 9.55548, 135.657, -266.274, 68.0161, -45.4762, 19.5932, -121.234]
[200.163, 9.55548, 135.753, -266.37, 68.0161, -45.4762, 19.5932, -121.234]
[200.163, 9.55548, 135.753, -267.403, 68.0161, -45.4762, 19.5932, -120.2]
[200.593, 9.55548, 135.753, -267.403, 68.0161, -45.9062, 19.5932, -120.2]
[201.359, 9.55548, 135.753, -267.403, 68.0161, -45.9062, 18.8274, -120.2]
[201.359, 9.55548, 135.753, -262.974, 68.0161, -45.9062, 18.8274, -124.629]
[201.359, 9.55548, 135.753, -258.087, 68.0161, -50.7936, 18.8274, -124.629]
[201.359, 9.55548, 135.753, -258.087, 68.0161, -50.7936, 19.8749, -125.677]
[201.359, 9.55548, 136.483, -258.087, 68.0161, -51.5236, 19.8749, -125.677]
[201.414, 9.55548, 136.483, -258.142, 68.0161, -51.5236, 19.8749, -125.677]
[201.816, 9.55548, 136.483, -258.142, 68.0161, -51.9256, 19.8749, -125.677]
[202.575, 9.55548, 136.483, -258.142, 68.0161, -51.9256, 19.1153, -125.677]
[204.429, 9.55548, 134.629, -258.142, 68.0161, -51.9256, 19.1153, -125.677]
[205.108, 8.87653, 134.629, -258.142, 68.0161, -51.9256, 19.1153, -125.677]
[205.108, 8.87653, 134.629, -258.343, 68.2171, -51.9256, 19.1153, -125.677]
[205.161, 8.87653, 134.629, -258.395, 68.2171, -51.9256, 19.1153, -125.677]
[205.161, 8.87653, 135.359, -258.395, 68.2171, -52.6555, 19.1153, -125.677]
[205.894, 8.87653, 135.359, -258.395, 68.2171, -52.6555, 18.3821, -125.677]
[201.173, 8.87653, 135.359, -258.395, 68.2171, -52.6555, 23.1033, -125.677]
[201.173, 8.87653, 135.359, -254.091, 68.2171, -52.6555, 23.1033, -129.98]
[201.173, 8.87653, 135.359, -254.091, 69.4691, -53.9075, 23.1033, -129.98]
[201.23, 8.87653, 135.359, -254.148, 69.4691, -53.9075, 23.1033, -129.98]
[201.623, 8.87653, 135.359, -254.148, 69.4691, -54.3014, 23.1033, -129.98]
[201.623, 8.87653, 135.359, -255.369, 69.4691, -54.3014, 23.1033, -128.76]
[201.679, 8.87653, 135.359, -255.424, 69.4691, -54.3014, 23.1033, -128.76]
[201.679, 8.87653, 135.359, -256.621, 69.4691, -54.3014, 23.1033, -127.563]
[202.371, 8.18518, 135.359, -256.621, 69.4691, -54.3014, 23.1033, -127.563]
[202.371, 8.18518, 135.359, -256.823, 69.6702, -54.3014, 23.1033, -127.563]
[202.759, 8.18518, 135.359, -256.823, 69.6702, -54.6897, 23.1033, -127.563]
[202.759, 6.99293, 136.551, -256.823, 69.6702, -54.6897, 23.1033, -127.563]
[203.433, 6.31926, 136.551, -256.823, 69.6702, -54.6897, 23.1033, -127.563]
[203.433, 6.31926, 136.551, -256.823, 69.6702, -52.9174, 23.1033, -129.335]
[203.433, 6.31926, 137.263, -256.823, 69.6702, -53.6292, 23.1033, -129.335]
[204.098, 5.65351, 137.263, -256.823, 69.6702, -53.6292, 23.1033, -129.335]
[204.098, 5.65351, 137.263, -257.454, 69.6702, -52.9981, 23.1033, -129.335]
[204.098, 5.65351, 137.263, -257.454, 70.9049, -54.2329, 23.1033, -129.335]
[204.098, 5.65351, 137.263, -258.084, 70.9049, -53.602, 23.1033, -129.335]
[204.098, 5.65351, 137.263, -258.393, 70.9049, -53.602, 23.4119, -129.335]
[204.098, 5.65351, 137.263, -258.393, 67.5478, -53.602, 26.7691, -129.335]
[204.098, 3.74762, 137.263, -258.393, 69.4537, -53.602, 26.7691, -129.335]
[204.098, 1.88868, 137.263, -258.393, 71.3126, -53.602, 26.7691, -129.335]
[204.889, 1.88868, 137.263, -258.393, 71.3126, -53.602, 25.9788, -129.335]
[204.889, 1.88868, 137.263, -259.568, 71.3126, -53.602, 25.9788, -128.16]
[204.889, 1.88868, 137.263, -259.568, 72.526, -54.8154, 25.9788, -128.16]
[204.889, 1.88868, 133.689, -259.568, 76.1003, -54.8154, 25.9788, -128.16]
[204.889, 1.88868, 133.689, -259.568, 77.258, -55.9732, 25.9788, -128.16]
[204.889, 2.26007, 133.689, -259.939, 77.258, -55.9732, 25.9788, -128.16]
[204.889, 2.26007, 133.793, -260.044, 77.258, -55.9732, 25.9788, -128.16]
[78.8638, 2.26007, 133.793, -260.044, 203.283, -55.9732, 25.9788, -128.16]
[77.6457, 2.26007, 133.793, -260.044, 204.501, -55.9732, 25.9788, -128.16]
[77.6457, 2.26007, 133.793, -255.747, 204.501, -55.9732, 25.9788, -132.456]
[77.6457, 2.64358, 133.793, -256.131, 204.501, -55.9732, 25.9788, -132.456]
[78.779, 2.64358, 133.793, -256.131, 204.501, -57.1065, 25.9788, -132.456]
[78.9637, 2.64358, 133.793, -256.316, 204.501, -57.1065, 25.9788, -132.456]
[78.9637, 2.64358, 133.793, -256.969, 204.501, -56.4529, 25.9788, -132.456]
[78.9637, 2.64358, 133.793, -252.741, 204.501, -56.4529, 25.9788, -136.684]
[78.9637, 2.64358, 133.793, -253.057, 204.501, -56.4529, 26.2947, -136.684]
[79.1537, 2.64358, 133.793, -253.247, 204.501, -56.4529, 26.2947, -136.684]
[77.9443, 2.64358, 133.793, -253.247, 205.71, -56.4529, 26.2947, -136.684]
[77.9443, 2.64358, 132.009, -253.247, 207.494, -56.4529, 26.2947, -136.684]
[77.9443, 2.64358, 132.009, -249.096, 207.494, -56.4529, 26.2947, -140.835]
[77.9443, 2.64358, 132.127, -249.214, 207.494, -56.4529, 26.2947, -140.835]
[77.9443, 3.04959, 132.127, -249.62, 207.494, -56.4529, 26.2947, -140.835]
[77.9443, 1.87498, 133.302, -249.62, 207.494, -56.4529, 26.2947, -140.835]
[77.9443, 1.87498, 134.012, -249.62, 207.494, -57.1629, 26.2947, -140.835]
[77.9443, 1.87498, 134.012, -244.869, 207.494, -61.9145, 26.2947, -140.835]
[77.9443, 1.87498, 134.012, -244.869, 207.839, -62.2593, 26.2947, -140.835]
[77.9443, 1.87498, 134.132, -244.989, 207.839, -62.2593, 26.2947, -140.835]
[79.0197, 1.87498, 134.132, -244.989, 207.839, -63.3346, 26.2947, -140.835]
[81.0407, 1.87498, 134.132, -244.989, 207.839, -63.3346, 24.2738, -140.835]
[81.0407, 1.25924, 134.132, -244.989, 208.454, -63.3346, 24.2738, -140.835]
[81.0407, 1.25924, 132.377, -244.989, 210.209, -63.3346, 24.2738, -140.835]
[81.0407, 1.25924, 132.499, -245.111, 210.209, -63.3346, 24.2738, -140.835]
[81.0407, 0.104423, 133.654, -245.111, 210.209, -63.3346, 24.2738, -140.835]
[81.0407, -0.48906, 133.654, -245.111, 210.803, -63.3346, 24.2738, -140.835]
[81.0407, -0.48906, 133.775, -245.232, 210.803, -63.3346, 24.2738, -140.835]
[79.8723, -0.48906, 133.775, -245.232, 211.971, -63.3346, 24.2738, -140.835]
[79.8723, -0.48906, 128.45, -239.907, 211.971, -63.3346, 24.2738, -140.835]
[79.8723, -0.48906, 128.45, -239.907, 212.297, -63.6609, 24.2738, -140.835]
[79.8723, -0.48906, 128.45, -239.966, 212.356, -63.6609, 24.2738, -140.835]
[79.8723, -0.0340019, 128.45, -240.421, 212.356, -63.6609, 24.2738, -140.835]
[79.8723, -0.0340019, 128.45, -240.781, 212.356, -63.6609, 24.6341, -140.835]
[80.9193, -0.0340019, 128.45, -240.781, 212.356, -64.7078, 24.6341, -140.835]
[80.9193, -0.615509, 128.45, -240.781, 212.937, -64.7078, 24.6341, -140.835]
[81.9486, -0.615509, 128.45, -240.781, 212.937, -65.7371, 24.6341, -140.835]
[81.9486, -1.79024, 129.625, -240.781, 212.937, -65.7371, 24.6341, -140.835]
[81.9486, -1.79024, 129.625, -241.587, 212.937, -64.9313, 24.6341, -140.835]
[81.9486, -1.79024, 129.755, -241.717, 212.937, -64.9313, 24.6341, -140.835]
[81.9486, -1.79024, 129.755, -243.172, 212.937, -64.9313, 24.6341, -139.38]
[81.9486, -1.79024, 129.755, -243.522, 212.937, -64.9313, 24.9841, -139.38]
[83.916, -1.79024, 129.755, -243.522, 212.937, -64.9313, 23.0167, -139.38]
[83.916, -1.79024, 129.755, -244.303, 212.937, -64.1495, 23.0167, -139.38]
[83.916, -1.79024, 129.755, -245.716, 212.937, -64.1495, 23.0167, -137.968]
[83.916, -1.79024, 129.879, -245.84, 212.937, -64.1495, 23.0167, -137.968]
[83.916, -1.79024, 129.879, -245.84, 213.646, -64.1495, 22.3078, -137.968]
[85.8254, -1.79024, 129.879, -245.84, 213.646, -64.1495, 20.3983, -137.968]
[85.8254, -1.79024, 129.879, -247.222, 213.646, -64.1495, 20.3983, -136.586]
[85.8254, -1.79024, 129.879, -247.974, 213.646, -63.3973, 20.3983, -136.586]
[85.8254, -2.94115, 131.03, -247.974, 213.646, -63.3973, 20.3983, -136.586]
[87.6878, -2.94115, 131.03, -247.974, 213.646, -63.3973, 18.536, -136.586]
[82.4261, -2.94115, 131.03, -242.713, 213.646, -63.3973, 18.536, -136.586]
[82.4261, -2.94115, 131.03, -244.112, 213.646, -63.3973, 18.536, -135.187]
[81.2711, -2.94115, 131.03, -244.112, 214.801, -63.3973, 18.536, -135.187]
[83.1666, -2.94115, 131.03, -244.112, 214.801, -63.3973, 16.6405, -135.187]
[83.1666, -2.49311, 131.03, -244.56, 214.801, -63.3973, 16.6405, -135.187]
[83.1666, -2.49311, 131.03, -240.481, 214.801, -63.3973, 16.6405, -139.265]
[83.1666, -2.03181, 131.03, -240.943, 214.801, -63.3973, 16.6405, -139.265]
[83.1666, -2.03181, 129.386, -240.943, 216.446, -63.3973, 16.6405, -139.265]
[83.1666, -3.18501, 130.539, -240.943, 216.446, -63.3973, 16.6405, -139.265]
[83.1666, -3.18501, 130.539, -240.998, 216.502, -63.3973, 16.6405, -139.265]
[83.1666, -3.18501, 130.539, -240.998, 216.814, -63.7097, 16.6405, -139.265]
[83.1666, -3.18501, 131.221, -240.998, 216.814, -64.3924, 16.6405, -139.265]
[83.1666, -3.18501, 131.221, -242.444, 216.814, -64.3924, 16.6405, -137.819]
[83.1666, -3.18501, 131.221, -243.23, 216.814, -63.607, 16.6405, -137.819]
[83.1666, -3.18501, 131.221, -243.23, 217.462, -63.607, 15.9924, -137.819]
[83.1666, -3.18501, 131.901, -243.23, 217.462, -64.2862, 15.9924, -137.819]
[83.1666, -3.18501, 130.277, -243.23, 219.086, -64.2862, 15.9924, -137.819]
[83.1666, -3.18501, 128.689, -243.23, 220.673, -64.2862, 15.9924, -137.819]
[83.1666, -3.18501, 128.689, -244.637, 220.673, -64.2862, 15.9924, -136.412]
[83.1666, -3.18501, 128.689, -244.637, 220.971, -64.5841, 15.9924, -136.412]
[83.1666, -3.18501, 128.689, -244.637, 221.592, -64.5841, 15.3713, -136.412]
[83.1666, -3.70524, 128.689, -244.637, 222.113, -64.5841, 15.3713, -136.412]
[83.1666, -3.70524, 128.689, -246.015, 222.113, -64.5841, 15.3713, -135.034]
[83.1666, -3.70524, 128.689, -246.015, 222.724, -64.5841, 14.7598, -135.034]
[83.1666, -3.70524, 128.689, -246.389, 222.724, -64.5841, 15.1335, -135.034]
[83.1666, -3.70524, 128.689, -247.149, 222.724, -63.8236, 15.1335, -135.034]
[83.1666, -3.70524, 128.813, -247.273, 222.724, -63.8236, 15.1335, -135.034]
[84.9972, -3.70524, 128.813, -247.273, 222.724, -63.8236, 13.303, -135.034]
[84.9972, -3.70524, 128.937, -247.397, 222.724, -63.8236, 13.303, -135.034]
[84.9972, -3.70524, 128.937, -242.001, 217.328, -63.8236, 13.303, -135.034]
[84.9972, -3.70524, 128.937, -242.001, 217.328, -63.8236, 14.3099, -136.041]
[84.9972, -3.70524, 128.937, -243.403, 217.328, -63.8236, 14.3099, -134.64]
[84.9972, -3.70524, 129.629, -243.403, 217.328, -64.5152, 14.3099, -134.64]
[84.9972, -3.70524, 129.629, -243.403, 217.485, -64.5152, 14.3099, -134.796]
[84.9972, -3.70524, 129.629, -239.332, 217.485, -64.5152, 14.3099, -138.867]
[84.9972, -3.70524, 129.629, -240.791, 217.485, -64.5152, 14.3099, -137.408]
[84.9972, -3.70524, 129.76, -240.922, 217.485, -64.5152, 14.3099, -137.408]
[85.9944, -3.70524, 129.76, -240.922, 217.485, -65.5125, 14.3099, -137.408]
[85.9944, -3.70524, 129.76, -240.977, 217.54, -65.5125, 14.3099, -137.408]
[85.9944, -3.70524, 129.76, -242.403, 217.54, -65.5125, 14.3099, -135.981]
[85.9944, -3.70524, 129.76, -242.458, 217.594, -65.5125, 14.3099, -135.981]
[84.8429, -3.70524, 129.76, -242.458, 218.745, -65.5125, 14.3099, -135.981]
[84.8429, -4.83994, 130.894, -242.458, 218.745, -65.5125, 14.3099, -135.981]
[84.8429, -4.83994, 130.894, -242.458, 219.045, -65.8123, 14.3099, -135.981]
[84.8429, -4.83994, 130.894, -242.846, 219.045, -65.8123, 14.6978, -135.981]
[84.8429, -4.83994, 130.894, -243.231, 219.045, -65.8123, 15.083, -135.981]
[84.8429, -4.83994, 129.3, -243.231, 220.64, -65.8123, 15.083, -135.981]
[84.8429, -4.83994, 129.3, -244.619, 220.64, -65.8123, 15.083, -134.593]
[84.8429, -4.83994, 127.741, -244.619, 222.199, -65.8123, 15.083, -134.593]
[85.0376, -4.83994, 127.741, -244.814, 222.199, -65.8123, 15.083, -134.593]
[85.0376, -4.83994, 126.216, -244.814, 223.723, -65.8123, 15.083, -134.593]
[85.0376, -4.83994, 126.216, -244.863, 223.773, -65.8123, 15.083, -134.593]
[85.0376, -4.83994, 124.726, -244.863, 225.264, -65.8123, 15.083, -134.593]
[85.0376, -4.38716, 124.726, -245.316, 225.264, -65.8123, 15.083, -134.593]
[85.0376, -4.38716, 125.431, -245.316, 225.264, -66.5174, 15.083, -134.593]
[85.0376, -4.38716, 125.431, -245.316, 225.543, -66.7967, 15.083, -134.593]
[85.0376, -4.38716, 126.126, -245.316, 225.543, -67.4915, 15.083, -134.593]
[85.0376, -4.38716, 126.126, -246.103, 225.543, -66.7046, 15.083, -134.593]
[85.0376, -4.38716, 126.126, -246.103, 225.821, -66.9826, 15.083, -134.593]
[85.0376, -4.38716, 126.126, -247.448, 225.821, -66.9826, 15.083, -133.249]
[83.9672, -4.38716, 126.126, -247.448, 226.891, -66.9826, 15.083, -133.249]
[83.9672, -4.38716, 126.126, -243.32, 226.891, -66.9826, 15.083, -137.376]
[83.9672, -5.54861, 127.287, -243.32, 226.891, -66.9826, 15.083, -137.376]
[83.9672, -6.68897, 128.427, -243.32, 226.891, -66.9826, 15.083, -137.376]
[83.9672, -6.68897, 128.427, -244.722, 226.891, -66.9826, 15.083, -135.975]
[83.9672, -6.68897, 128.555, -244.849, 226.891, -66.9826, 15.083, -135.975]
[83.9672, -7.16923, 128.555, -244.849, 227.372, -66.9826, 15.083, -135.975]
[84.1631, -7.16923, 128.555, -245.045, 227.372, -66.9826, 15.083, -135.975]
[84.3583, -7.16923, 128.555, -245.24, 227.372, -66.9826, 15.083, -135.975]
[84.3583, -7.6453, 128.555, -245.24, 227.848, -66.9826, 15.083, -135.975]
[84.3583, -7.6453, 128.555, -246.607, 227.848, -66.9826, 15.083, -134.607]
[84.3583, -7.6453, 128.555, -246.607, 222.982, -66.9826, 19.9485, -134.607]
[85.3408, -7.6453, 128.555, -246.607, 222.982, -67.965, 19.9485, -134.607]
[85.3408, -7.6453, 128.555, -246.657, 223.032, -67.965, 19.9485, -134.607]
[85.3408, -7.6453, 128.555, -246.657, 223.663, -67.965, 19.3168, -134.607]
[85.3408, -7.6453, 128.68, -246.782, 223.663, -67.965, 19.3168, -134.607]
[85.3408, -7.6453, 128.68, -246.782, 224.288, -67.965, 18.6922, -134.607]
[85.3408, -7.6453, 128.68, -248.119, 224.288, -67.965, 18.6922, -133.269]
[85.3408, -7.6453, 128.68, -248.167, 224.336, -67.965, 18.6922, -133.269]
[85.3408, -7.6453, 128.68, -248.938, 224.336, -67.194, 18.6922, -133.269]
[85.3408, -8.75453, 129.789, -248.938, 224.336, -67.194, 18.6922, -133.269]
[89.7, -8.75453, 129.789, -248.938, 219.976, -67.194, 18.6922, -133.269]
[91.4946, -8.75453, 129.789, -248.938, 219.976, -67.194, 16.8976, -133.269]
[91.4946, -8.75453, 129.789, -248.938, 220.268, -67.4857, 16.8976, -133.269]
[91.4946, -8.75453, 129.789, -250.241, 220.268, -67.4857, 16.8976, -131.967]
[91.4946, -8.75453, 130.454, -250.241, 220.268, -68.1505, 16.8976, -131.967]
[91.4946, -8.75453, 130.454, -251.518, 220.268, -68.1505, 16.8976, -130.689]
[91.4946, -8.75453, 130.454, -247.326, 220.268, -68.1505, 16.8976, -134.882]
[86.2274, -8.75453, 130.454, -242.058, 220.268, -68.1505, 16.8976, -134.882]
[86.2274, -8.75453, 130.454, -242.439, 220.268, -68.1505, 17.2777, -134.882]
[86.2274, -9.25512, 130.454, -242.439, 220.769, -68.1505, 17.2777, -134.882]
[86.2274, -9.25512, 130.581, -242.566, 220.769, -68.1505, 17.2777, -134.882]
[86.2274, -9.25512, 130.581, -242.566, 221.056, -68.4374, 17.2777, -134.882]
[86.2274, -9.25512, 130.581, -238.505, 221.056, -68.4374, 17.2777, -138.943]
[86.2274, -10.3337, 131.66, -238.505, 221.056, -68.4374, 17.2777, -138.943]
[86.2274, -10.3337, 131.66, -238.559, 221.11, -68.4374, 17.2777, -138.943]
[86.2274, -10.3337, 131.66, -238.559, 221.738, -68.4374, 16.6503, -138.943]
[88.0392, -10.3337, 131.66, -238.559, 221.738, -68.4374, 14.8384, -138.943]
[88.0392, -10.8206, 131.66, -238.559, 222.224, -68.4374, 14.8384, -138.943]
[88.0392, -10.8206, 131.66, -239.4, 222.224, -67.5972, 14.8384, -138.943]
[88.0392, -10.8206, 131.66, -240.228, 222.224, -66.7688, 14.8384, -138.943]
[88.0392, -10.8206, 131.66, -236.233, 222.224, -66.7688, 14.8384, -142.938]
[88.0392, -10.8206, 130.092, -236.233, 223.792, -66.7688, 14.8384, -142.938]
[88.0392, -10.8206, 130.092, -236.288, 223.846, -66.7688, 14.8384, -142.938]
[88.2438, -10.8206, 130.092, -236.492, 223.846, -66.7688, 14.8384, -142.938]
[88.2438, -11.2961, 130.092, -236.492, 224.322, -66.7688, 14.8384, -142.938]
[88.2438, -11.2961, 130.092, -238.027, 224.322, -66.7688, 14.8384, -141.403]
[87.1324, -11.2961, 130.092, -238.027, 225.433, -66.7688, 14.8384, -141.403]
[87.1324, -11.2961, 128.578, -238.027, 226.948, -66.7688, 14.8384, -141.403]
[87.1324, -11.2961, 128.578, -234.082, 226.948, -66.7688, 14.8384, -145.348]
[87.1324, -11.2961, 128.578, -234.5, 226.948, -66.7688, 15.2556, -145.348]
[88.9166, -11.2961, 128.578, -234.5, 226.948, -66.7688, 13.4715, -145.348]
[88.9166, -11.2961, 128.718, -234.64, 226.948, -66.7688, 13.4715, -145.348]
[88.9166, -11.2961, 128.718, -234.64, 221.777, -61.5979, 13.4715, -145.348]
[89.9057, -11.2961, 128.718, -234.64, 221.777, -62.5871, 13.4715, -145.348]
[89.9057, -11.2961, 128.718, -234.64, 216.935, -62.5871, 18.3135, -145.348]
[90.1098, -11.2961, 128.718, -234.844, 216.935, -62.5871, 18.3135, -145.348]
[90.1098, -11.2961, 128.718, -234.844, 217.249, -62.9006, 18.3135, -145.348]
[90.1098, -10.77, 128.718, -235.37, 217.249, -62.9006, 18.3135, -145.348]
[90.1098, -9.6453, 128.718, -235.37, 217.249, -62.9006, 18.3135, -146.472]
[90.1098, -9.6453, 128.718, -236.957, 217.249, -62.9006, 18.3135, -144.886]
[90.1098, -9.6453, 128.855, -237.094, 217.249, -62.9006, 18.3135, -144.886]
[90.1098, -9.6453, 128.855, -237.487, 217.249, -62.9006, 18.7063, -144.886]
[90.1098, -9.6453, 128.991, -237.623, 217.249, -62.9006, 18.7063, -144.886]
[90.1098, -9.6453, 128.991, -237.623, 217.56, -63.2123, 18.7063, -144.886]
[90.1098, -9.6453, 128.991, -238.433, 217.56, -62.4021, 18.7063, -144.886]
[90.1098, -9.6453, 129.126, -238.568, 217.56, -62.4021, 18.7063, -144.886]
[90.1098, -9.6453, 129.126, -238.568, 218.216, -62.4021, 18.0507, -144.886]
[91.0829, -9.6453, 129.126, -238.568, 218.216, -63.3752, 18.0507, -144.886]
[91.0829, -9.6453, 129.126, -238.568, 218.864, -63.3752, 17.4026, -144.886]
[91.0829, -9.6453, 129.126, -238.568, 214.06, -63.3752, 22.2069, -144.886]
[91.0829, -9.6453, 129.126, -234.656, 214.06, -63.3752, 22.2069, -148.798]
[91.0829, -9.6453, 129.126, -235.488, 214.06, -62.5432, 22.2069, -148.798]
[91.0829, -9.6453, 129.126, -235.872, 214.06, -62.5432, 22.5915, -148.798]
[91.0829, -9.6453, 129.126, -235.872, 214.759, -62.5432, 21.892, -148.798]
[91.0829, -9.6453, 129.126, -237.479, 214.759, -62.5432, 21.892, -147.191]
[91.0829, -9.6453, 129.126, -237.479, 215.079, -62.8634, 21.892, -147.191]
[91.0829, -9.6453, 129.126, -237.858, 215.079, -62.8634, 22.2707, -147.191]
[91.0829, -9.6453, 129.126, -237.858, 215.221, -62.8634, 22.2707, -147.333]
[91.0829, -9.6453, 129.126, -239.426, 215.221, -62.8634, 22.2707, -145.765]
[91.0829, -9.6453, 129.126, -240.959, 215.221, -62.8634, 22.2707, -144.232]
[91.0829, -9.6453, 129.126, -242.459, 215.221, -62.8634, 22.2707, -142.732]
[92.904, -9.6453, 129.126, -242.459, 215.221, -62.8634, 20.4496, -142.732]
[94.6812, -9.6453, 129.126, -242.459, 215.221, -62.8634, 18.6724, -142.732]
[94.6812, -9.6453, 129.126, -243.926, 215.221, -62.8634, 18.6724, -141.265]
[94.6812, -9.6453, 129.126, -245.362, 215.221, -62.8634, 18.6724, -139.829]
[90.9711, -9.6453, 129.126, -245.362, 215.221, -62.8634, 22.3825, -139.829]
[90.9711, -9.6453, 129.126, -246.768, 215.221, -62.8634, 22.3825, -138.423]
[89.7514, -9.6453, 129.126, -246.768, 216.441, -62.8634, 22.3825, -138.423]
[89.7514, -4.71435, 129.126, -246.768, 211.51, -62.8634, 22.3825, -138.423]
[89.7514, -4.71435, 129.126, -242.7, 211.51, -62.8634, 22.3825, -142.491]
[89.7514, -4.71435, 129.126, -243.473, 211.51, -62.0899, 22.3825, -142.491]
[89.7514, -4.71435, 129.126, -243.53, 211.567, -62.0899, 22.3825, -142.491]
[89.7514, -4.71435, 129.126, -244.983, 211.567, -62.0899, 22.3825, -141.038]
[89.9365, -4.71435, 129.126, -245.168, 211.567, -62.0899, 22.3825, -141.038]
[89.9365, -4.71435, 129.126, -246.589, 211.567, -62.0899, 22.3825, -139.617]
[89.9365, -4.71435, 129.25, -246.713, 211.567, -62.0899, 22.3825, -139.617]
[89.9365, -5.27596, 129.25, -246.713, 212.128, -62.0899, 22.3825, -139.617]
[91.7729, -5.27596, 129.25, -246.713, 212.128, -62.0899, 20.5461, -139.617]
[91.7729, -5.27596, 129.25, -246.713, 212.128, -63.7475, 22.2037, -139.617]
[92.7221, -5.27596, 129.25, -246.713, 212.128, -64.6967, 22.2037, -139.617]
[92.7221, -5.27596, 129.25, -247.06, 212.128, -64.6967, 22.5501, -139.617]
[92.7221, -5.27596, 129.25, -247.404, 212.128, -64.6967, 22.8942, -139.617]
[92.7221, -5.83193, 129.25, -247.404, 212.684, -64.6967, 22.8942, -139.617]
[92.7221, -5.83193, 129.25, -247.404, 212.684, -64.6967, 23.7899, -140.513]
[92.7221, -5.83193, 129.935, -247.404, 212.684, -65.3812, 23.7899, -140.513]
[92.7221, -5.83193, 129.935, -243.351, 212.684, -65.3812, 23.7899, -144.566]
[92.7221, -5.36864, 129.935, -243.814, 212.684, -65.3812, 23.7899, -144.566]
[92.7221, -5.36864, 129.935, -243.814, 212.684, -66.9644, 25.3731, -144.566]
[92.7221, -5.36864, 130.061, -243.941, 212.684, -66.9644, 25.3731, -144.566]
[92.7221, -5.36864, 130.061, -243.997, 212.74, -66.9644, 25.3731, -144.566]
[92.7221, -5.36864, 125.283, -243.997, 212.74, -62.1856, 25.3731, -144.566]
[92.7221, -4.91003, 125.283, -244.455, 212.74, -62.1856, 25.3731, -144.566]
[87.4578, -4.91003, 125.283, -239.191, 212.74, -62.1856, 25.3731, -144.566]
[87.4578, -4.91003, 125.283, -239.191, 213.465, -62.1856, 24.6483, -144.566]
[87.6578, -4.91003, 125.283, -239.391, 213.465, -62.1856, 24.6483, -144.566]
[89.5499, -4.91003, 125.283, -239.391, 213.465, -62.1856, 22.7562, -144.566]
[89.5499, -4.91003, 125.283, -239.76, 213.465, -62.1856, 23.1252, -144.566]
[89.5499, -4.91003, 125.283, -239.76, 214.172, -62.1856, 22.4188, -144.566]
[88.3337, -4.91003, 125.283, -239.76, 215.388, -62.1856, 22.4188, -144.566]
[88.3337, -4.91003, 125.283, -235.831, 215.388, -62.1856, 22.4188, -148.495]
[88.3337, -4.91003, 125.283, -236.214, 215.388, -62.1856, 22.8015, -148.495]
[88.3337, -4.91003, 125.283, -237.813, 215.388, -62.1856, 22.8015, -146.895]
[88.3337, -4.91003, 125.423, -237.954, 215.388, -62.1856, 22.8015, -146.895]
[88.3337, -4.91003, 123.849, -237.954, 216.962, -62.1856, 22.8015, -146.895]
[88.3337, -4.91003, 123.849, -238.011, 217.019, -62.1856, 22.8015, -146.895]
[89.3229, -4.91003, 123.849, -238.011, 217.019, -63.1747, 22.8015, -146.895]
[91.1718, -4.91003, 123.849, -238.011, 217.019, -63.1747, 20.9525, -146.895]
[91.1718, -4.91003, 123.849, -238.391, 217.019, -63.1747, 21.3326, -146.895]
[92.9805, -4.91003, 123.849, -238.391, 217.019, -63.1747, 19.5239, -146.895]
[91.7588, -4.91003, 123.849, -238.391, 218.241, -63.1747, 19.5239, -146.895]
[91.7588, -4.91003, 123.849, -233.33, 218.241, -63.1747, 14.4627, -146.895]
[91.7588, -4.91003, 123.849, -233.33, 218.549, -63.4827, 14.4627, -146.895]
[91.7588, -4.91003, 119.129, -233.33, 218.549, -58.7627, 14.4627, -146.895]
[91.7588, -4.91003, 117.658, -233.33, 220.019, -58.7627, 14.4627, -146.895]
[91.7588, -4.91003, 117.658, -234.139, 220.019, -57.9536, 14.4627, -146.895]
[91.7588, -4.91003, 117.658, -234.139, 220.337, -58.2718, 14.4627, -146.895]
[91.7588, -4.91003, 117.658, -235.744, 220.337, -58.2718, 14.4627, -145.29]
[91.7588, -2.89714, 117.658, -235.744, 220.337, -60.2846, 14.4627, -145.29]
[91.7588, -2.89714, 117.658, -236.156, 220.337, -60.2846, 14.875, -145.29]
[90.5796, -2.89714, 117.658, -236.156, 221.517, -60.2846, 14.875, -145.29]
[90.5796, 2.02597, 117.658, -236.156, 216.594, -60.2846, 14.875, -145.29]
[89.3765, 2.02597, 117.658, -236.156, 217.797, -60.2846, 14.875, -145.29]
[89.3765, 3.92671, 117.658, -236.156, 217.797, -62.1854, 14.875, -145.29]
[89.3765, 3.92671, 117.658, -236.156, 217.797, -63.9079, 16.5975, -145.29]
[89.3765, 3.92671, 117.812, -236.31, 217.797, -63.9079, 16.5975, -145.29]
[88.1958, 3.92671, 117.812, -236.31, 218.977, -63.9079, 16.5975, -145.29]
[87.0368, 3.92671, 117.812, -236.31, 220.136, -63.9079, 16.5975, -145.29]
[87.0368, 3.92671, 117.812, -237.872, 220.136, -63.9079, 16.5975, -143.728]
[88.8383, 3.92671, 117.812, -237.872, 220.136, -63.9079, 14.7961, -143.728]
[88.8383, 3.92671, 117.812, -237.872, 220.437, -64.2084, 14.7961, -143.728]
[89.8071, 3.92671, 117.812, -237.872, 220.437, -65.1772, 14.7961, -143.728]
[89.8071, 3.92671, 117.812, -237.872, 220.733, -65.4732, 14.7961, -143.728]
[89.8071, 3.92671, 117.812, -239.4, 220.733, -65.4732, 14.7961, -142.2]
[89.8071, 4.36596, 117.812, -239.84, 220.733, -65.4732, 14.7961, -142.2]
[89.8071, 4.36596, 117.812, -239.84, 221.349, -65.4732, 14.1802, -142.2]
[90.7582, 4.36596, 117.812, -239.84, 221.349, -66.4243, 14.1802, -142.2]
[91.6945, 4.36596, 117.812, -239.84, 221.349, -67.3607, 14.1802, -142.2]
[91.6945, 4.36596, 117.812, -239.84, 221.636, -67.6481, 14.1802, -142.2]
[91.6945, 4.36596, 117.812, -234.448, 216.245, -67.6481, 14.1802, -142.2]
[91.6945, 4.36596, 117.812, -234.866, 216.245, -67.6481, 14.5985, -142.2]
[91.6945, 4.36596, 117.812, -234.866, 216.545, -67.949, 14.5985, -142.2]
[91.6945, 4.36596, 117.812, -234.866, 217.183, -67.949, 13.9605, -142.2]
[91.6945, 4.36596, 116.341, -234.866, 218.655, -67.949, 13.9605, -142.2]
[91.6945, 4.36596, 116.341, -235.284, 218.655, -67.949, 14.378, -142.2]
[91.6945, 4.36596, 116.341, -236.823, 218.655, -67.949, 14.378, -140.66]
[91.6945, 3.79424, 116.341, -236.823, 219.226, -67.949, 14.378, -140.66]
[90.5056, 3.79424, 116.341, -236.823, 220.415, -67.949, 14.378, -140.66]
[92.2392, 3.79424, 116.341, -236.823, 220.415, -67.949, 12.6445, -140.66]
[92.2392, 3.23435, 116.341, -236.823, 220.975, -67.949, 12.6445, -140.66]
[92.2392, 3.23435, 116.341, -236.823, 221.578, -67.949, 12.0416, -140.66]
[93.925, 3.23435, 116.341, -236.823, 221.578, -67.949, 10.3558, -140.66]
[93.925, 5.02683, 116.341, -236.823, 221.578, -69.7415, 10.3558, -140.66]
[93.925, 5.02683, 116.341, -231.433, 216.188, -69.7415, 10.3558, -140.66]
[93.925, 5.02683, 116.341, -231.433, 216.483, -70.0366, 10.3558, -140.66]
[95.5718, 5.02683, 116.341, -231.433, 216.483, -70.0366, 8.70896, -140.66]
[95.5718, 5.02683, 116.341, -232.999, 216.483, -70.0366, 8.70896, -139.095]
[95.5718, 5.02683, 116.341, -233.059, 216.543, -70.0366, 8.70896, -139.095]
[95.5718, 6.77296, 116.341, -233.059, 216.543, -71.7828, 8.70896, -139.095]
[95.5718, 6.77296, 116.341, -229.144, 216.543, -71.7828, 8.70896, -143.01]
[95.5718, 6.17771, 116.341, -229.144, 217.139, -71.7828, 8.70896, -143.01]
[95.5718, 7.88966, 116.341, -229.144, 217.139, -73.4947, 8.70896, -143.01]
[95.5718, 9.56169, 116.341, -229.144, 217.139, -75.1667, 8.70896, -143.01]
[95.5718, 9.56169, 116.341, -230.105, 217.139, -74.2053, 8.70896, -143.01]
[95.5718, 9.56169, 116.341, -231.051, 217.139, -73.259, 8.70896, -143.01]
[95.5718, 8.9547, 116.341, -231.051, 217.746, -73.259, 8.70896, -143.01]
[97.181, 8.9547, 116.341, -231.051, 217.746, -73.259, 7.09973, -143.01]
[97.181, 8.9547, 116.341, -226.538, 217.746, -77.7725, 7.09973, -143.01]
[97.181, 8.9547, 116.512, -226.709, 217.746, -77.7725, 7.09973, -143.01]
[97.181, 8.9547, 116.512, -227.188, 217.746, -77.7725, 7.57898, -143.01]
[91.9404, 8.9547, 116.512, -221.948, 217.746, -77.7725, 7.57898, -143.01]
[91.9404, 8.9547, 116.512, -222.989, 217.746, -76.731, 7.57898, -143.01]
[91.9404, 3.99712, 116.512, -218.032, 217.746, -76.731, 7.57898, -143.01]
[91.9404, 3.42263, 116.512, -218.032, 218.32, -76.731, 7.57898, -143.01]
[91.9404, 3.42263, 116.512, -218.032, 213.465, -76.731, 12.4339, -143.01]
[91.9404, 3.42263, 116.512, -214.333, 213.465, -76.731, 12.4339, -146.708]
[91.9404, 5.10895, 116.512, -214.333, 213.465, -78.4173, 12.4339, -146.708]
[92.399, 5.10895, 116.512, -214.333, 213.465, -78.4173, 12.4339, -147.167]
[92.399, 6.75626, 116.512, -214.333, 213.465, -80.0646, 12.4339, -147.167]
[96.5939, 6.75626, 116.512, -214.333, 209.27, -80.0646, 12.4339, -147.167]
[96.5939, 6.75626, 116.512, -208.966, 203.903, -80.0646, 12.4339, -147.167]
[96.5939, 6.75626, 116.512, -208.966, 204.203, -80.3653, 12.4339, -147.167]
[96.5939, 6.75626, 117.179, -208.966, 204.203, -81.0324, 12.4339, -147.167]
[96.5939, 6.75626, 117.179, -210.151, 204.203, -79.8472, 12.4339, -147.167]
[96.5939, 6.75626, 117.179, -210.151, 204.504, -80.1476, 12.4339, -147.167]
[96.5939, 6.75626, 117.378, -210.35, 204.504, -80.1476, 12.4339, -147.167]
[96.5939, 6.75626, 117.378, -210.434, 204.588, -80.1476, 12.4339, -147.167]
[96.5939, 6.75626, 117.378, -210.434, 204.887, -80.4461, 12.4339, -147.167]
[96.5939, 6.75626, 117.378, -210.964, 204.887, -80.4461, 12.9632, -147.167]
[96.5939, 6.75626, 117.378, -207.401, 204.887, -80.4461, 12.9632, -150.73]
[97.3861, 6.75626, 117.378, -207.401, 204.887, -81.2383, 12.9632, -150.73]
[97.3861, 6.75626, 117.378, -203.927, 204.887, -81.2383, 12.9632, -154.204]
[97.3861, 6.75626, 117.378, -204.017, 204.977, -81.2383, 12.9632, -154.204]
[97.3861, 6.75626, 117.378, -199.805, 204.977, -85.4497, 12.9632, -154.204]
[97.3861, 6.75626, 117.378, -201.918, 204.977, -85.4497, 12.9632, -152.091]
[97.3861, 6.75626, 117.378, -203.976, 204.977, -85.4497, 12.9632, -150.033]
[99.0232, 6.75626, 117.378, -203.976, 204.977, -85.4497, 11.3262, -150.033]
[99.0232, 6.75626, 117.378, -203.976, 204.977, -86.9489, 12.8253, -150.033]
[99.0232, 6.75626, 117.378, -203.976, 204.977, -82.9706, 8.8471, -150.033]
[99.0232, 6.75626, 117.378, -205.981, 204.977, -82.9706, 8.8471, -148.028]
[99.0232, 6.75626, 117.378, -207.936, 204.977, -82.9706, 8.8471, -146.073]
[99.0232, 6.75626, 117.378, -207.936, 205.266, -83.2602, 8.8471, -146.073]
[99.0232, 6.75626, 117.378, -207.936, 205.554, -83.5482, 8.8471, -146.073]
[99.0232, 6.75626, 117.378, -209.155, 205.554, -82.3298, 8.8471, -146.073]
[99.0232, 6.75626, 117.378, -209.155, 205.554, -78.4455, 4.96281, -146.073]
[99.0232, 5.40274, 118.731, -209.155, 205.554, -78.4455, 4.96281, -146.073]
[99.0232, 5.40274, 118.731, -209.155, 206.2, -78.4455, 4.31712, -146.073]
[100.545, 5.40274, 118.731, -209.155, 206.2, -78.4455, 2.79535, -146.073]
[100.545, 5.40274, 118.731, -211.046, 206.2, -78.4455, 2.79535, -144.182]
[100.545, 4.75822, 118.731, -211.046, 206.844, -78.4455, 2.79535, -144.182]
[100.545, 4.75822, 118.731, -211.046, 207.471, -78.4455, 2.16908, -144.182]
[100.776, 4.75822, 118.731, -211.277, 207.471, -78.4455, 2.16908, -144.182]
[100.776, 3.4385, 120.051, -211.277, 207.471, -78.4455, 2.16908, -144.182]
[101.006, 3.4385, 120.051, -211.507, 207.471, -78.4455, 2.16908, -144.182]
[101.006, 3.4385, 118.448, -211.507, 209.074, -78.4455, 2.16908, -144.182]
[101.006, 3.4385, 118.448, -211.507, 209.074, -74.6814, -1.59502, -144.182]
[101.006, 2.12912, 119.757, -211.507, 209.074, -74.6814, -1.59502, -144.182]
[101.808, 2.12912, 119.757, -211.507, 209.074, -75.4828, -1.59502, -144.182]
[101.808, 2.12912, 118.176, -211.507, 210.655, -75.4828, -1.59502, -144.182]
[101.808, 2.70419, 118.176, -212.082, 210.655, -75.4828, -1.59502, -144.182]
[101.808, 4.41348, 118.176, -212.082, 210.655, -77.1921, -1.59502, -144.182]
[101.808, 4.41348, 118.176, -213.914, 210.655, -77.1921, -1.59502, -142.349]
[101.808, 4.96486, 118.176, -214.466, 210.655, -77.1921, -1.59502, -142.349]
[101.808, 6.62795, 118.176, -214.466, 210.655, -78.8552, -1.59502, -142.349]
[101.808, 6.62795, 118.176, -215.045, 210.655, -78.8552, -1.016, -142.349]
[100.436, 6.62795, 118.176, -215.045, 212.027, -78.8552, -1.016, -142.349]
[100.436, 6.62795, 118.176, -215.045, 212.605, -78.8552, -1.59413, -142.349]
[100.436, 6.62795, 118.176, -216.819, 212.605, -78.8552, -1.59413, -140.575]
[100.436, 7.15447, 118.176, -217.346, 212.605, -78.8552, -1.59413, -140.575]
[100.436, 7.15447, 118.176, -219.072, 212.605, -78.8552, -1.59413, -138.849]
[100.436, 5.80502, 119.525, -219.072, 212.605, -78.8552, -1.59413, -138.849]
[100.436, 5.80502, 119.525, -220.147, 212.605, -77.7799, -1.59413, -138.849]
[100.436, 5.80502, 117.986, -220.147, 214.145, -77.7799, -1.59413, -138.849]
[100.436, 5.80502, 117.986, -221.82, 214.145, -77.7799, -1.59413, -137.176]
[100.436, 6.312, 117.986, -222.327, 214.145, -77.7799, -1.59413, -137.176]
[95.7753, 6.312, 117.986, -222.327, 214.145, -73.1192, -1.59413, -137.176]
[95.7753, 6.312, 117.986, -222.327, 208.991, -67.9655, -1.59413, -137.176]
[95.7753, 6.312, 117.986, -223.956, 208.991, -67.9655, -1.59413, -135.547]
[95.7753, 6.312, 117.986, -223.956, 208.991, -69.8163, 0.256679, -135.547]
[95.7753, 6.312, 117.986, -223.956, 209.307, -70.132, 0.256679, -135.547]
[95.7753, 6.312, 117.986, -220.102, 209.307, -70.132, 0.256679, -139.401]
[95.7753, 6.312, 117.986, -221.096, 209.307, -69.1384, 0.256679, -139.401]
[95.7753, 6.312, 117.986, -221.096, 209.623, -69.4552, 0.256679, -139.401]
[95.7753, 5.68163, 117.986, -221.096, 210.254, -69.4552, 0.256679, -139.401]
[95.7753, 5.68163, 117.986, -222.764, 210.254, -69.4552, 0.256679, -137.732]
[95.7753, 5.68163, 117.986, -222.835, 210.325, -69.4552, 0.256679, -137.732]
[95.7753, 5.68163, 118.16, -223.009, 210.325, -69.4552, 0.256679, -137.732]
[95.7753, 5.05864, 118.16, -223.009, 210.948, -69.4552, 0.256679, -137.732]
[95.7753, 5.05864, 118.334, -223.183, 210.948, -69.4552, 0.256679, -137.732]
[95.7753, 5.05864, 118.334, -223.71, 210.948, -69.4552, 0.783235, -137.732]
[95.7753, 5.05864, 118.334, -225.329, 210.948, -69.4552, 0.783235, -136.113]
[96.6508, 5.05864, 118.334, -225.329, 210.948, -70.3307, 0.783235, -136.113]
[96.6508, 5.05864, 118.334, -225.398, 211.016, -70.3307, 0.783235, -136.113]
[96.6508, 5.05864, 118.504, -225.567, 211.016, -70.3307, 0.783235, -136.113]
[92.7148, 5.05864, 118.504, -225.567, 211.016, -70.3307, 4.71923, -136.113]
[93.6065, 5.05864, 118.504, -225.567, 211.016, -71.2225, 4.71923, -136.113]
[93.8215, 5.05864, 118.504, -225.782, 211.016, -71.2225, 4.71923, -136.113]
