[270.183, 80.6621, -8.96426, -183.5, 155.636, -87.9679, 17.2699, -243.333]
[270.183, 80.6621, -8.96425, -183.5, 155.636, -87.9679, 17.2699, -243.333]
[270.183, 80.6621, -8.96425, -183.5, 155.636, -87.9679, 17.2699, -243.333]
[270.183, 80.6621, -8.96425, -183.5, 155.636, -87.9679, 17.2699, -243.333]
[270.183, 80.6621, -8.96425, -183.5, 155.636, -87.9679, 17.2699, -243.333]
[270.183, 80.6621, -8.96425, -183.5, 155.636, -87.9679, 17.2699, -243.333]
[270.183, 80.6621, -8.96425, -183.5, 155.636, -87.9679, 17.2699, -243.333]
[270.183, 80.6621, -8.96425, -183.5, 155.636, -87.9679, 17.2699, -243.333]
[270.183, 80.6621, -8.96425, -183.5, 155.636, -87.9679, 17.2699, -243.333]
[270.183, 80.6621, -8.96425, -183.5, 155.636, -87.9679, 17.2699, -243.333]
[270.183, 80.662, -8.9642, -183.5, 155.636, -87.9679, 17.2699, -243.333]
[270.183, 80.662, -8.9642, -183.5, 155.636, -87.9679, 17.2698, -243.333]
[270.183, 80.662, -8.9642, -183.5, 155.636, -87.9679, 17.2698, -243.333]
[270.183, 80.662, -8.9642, -183.5, 155.636, -87.9679, 17.2698, -243.333]
[270.183, 80.662, -8.9642, -183.5, 155.636, -87.9679, 17.2698, -243.333]
[270.183, 80.662, -8.9642, -183.5, 155.636, -87.9679, 17.2698, -243.333]
[270.183, 80.662, -8.9642, -183.5, 155.636, -87.9679, 17.2698, -243.333]
[270.183, 80.662, -8.9642, -183.5, 155.636, -87.9679, 17.2698, -243.333]
[270.183, 80.662, -8.9642, -183.5, 155.636, -87.9679, 17.2698, -243.333]
[270.183, 80.662, -8.96426, -183.5, 155.636, -87.9679, 17.2698, -243.333]
[270.183, 80.662, -8.96426, -183.5, 155.636, -87.9679, 17.2698, -243.333]
[270.183, 80.662, -8.96427, -183.5, 155.636, -87.9679, 17.2698, -243.333]
[270.183, 80.6621, -8.96427, -183.5, 155.636, -87.9679, 17.2698, -243.333]
[270.183, 80.6621, -8.96427, -183.5, 155.636, -87.9679, 17.2698, -243.333]
[270.183, 80.6621, -8.96427, -183.5, 155.636, -87.9679, 17.2698, -243.333]
[270.183, 80.6621, -8.96427, -183.5, 155.636, -87.9678, 17.2698, -243.333]
[270.183, 80.6621, -8.96426, -183.5, 155.636, -87.9678, 17.2698, -243.333]
[270.183, 80.6621, -8.96426, -183.5, 155.636, -87.9678, 17.2698, -243.333]
[270.183, 80.6621, -8.96426, -183.5, 155.636, -87.9678, 17.2698, -243.333]
[270.183, 80.6621, -8.96426, -183.5, 155.636, -87.9678, 17.2698, -243.333]
[270.183, 80.6621, -8.96426, -183.5, 155.636, -87.9678, 17.2698, -243.333]
[270.183, 80.6621, -8.96426, -183.5, 155.636, -87.9678, 17.2698, -243.333]
[270.183, 80.6621, -8.96425, -183.5, 155.636, -87.9678, 17.2698, -243.333]
[270.183, 80.6621, -8.96425, -183.5, 155.636, -87.9678, 17.2698, -243.333]
[270.183, 80.6621, -8.96425, -183.5, 155.636, -87.9678, 17.2698, -243.333]
[270.183, 80.6621, -8.96425, -183.5, 155.636, -87.9678, 17.2698, -243.333]
[270.183, 80.6621, -8.96425, -183.5, 155.636, -87.9678, 17.2698, -243.333]
[270.183, 80.6621, -8.96424, -183.5, 155.636, -87.9678, 17.2698, -243.333]
[270.183, 80.6621, -8.96424, -183.5, 155.636, -87.9679, 17.2698, -243.333]
[270.183, 80.6621, -8.96424, -183.5, 155.636, -87.9679, 17.2698, -243.333]
[270.183, 80.6621, -8.96424, -183.5, 155.636, -87.9679, 17.2697, -243.333]
[270.183, 80.6621, -8.96423, -183.5, 155.636, -87.9679, 17.2697, -243.333]
[270.183, 80.6621, -8.96423, -183.5, 155.636, -87.9679, 17.2697, -243.333]
[270.183, 80.6621, -8.96422, -183.5, 155.636, -87.9679, 17.2697, -243.333]
[270.183, 80.6621, -8.96422, -183.5, 155.636, -87.9679, 17.2697, -243.333]
[270.183, 80.6621, -8.96422, -183.5, 155.636, -87.9679, 17.2697, -243.333]
[270.183, 80.6621, -8.96422, -183.5, 155.636, -87.9679, 17.2697, -243.333]
[270.183, 80.6621, -8.96422, -183.5, 155.636, -87.9679, 17.2697, -243.333]
[270.183, 80.6621, -8.96422, -183.5, 155.636, -87.9679, 17.2697, -243.333]
[270.183, 80.6621, -8.96422, -183.5, 155.636, -87.9679, 17.2697, -243.333]
[270.183, 80.6621, -8.96422, -183.5, 155.636, -87.9679, 17.2698, -243.333]
[270.183, 80.6621, -8.96422, -183.5, 155.636, -87.9679, 17.2698, -243.333]
[270.183, 80.6621, -8.96422, -183.5, 155.636, -87.9679, 17.2698, -243.333]
[270.183, 80.6621, -8.96422, -183.5, 155.636, -87.9679, 17.2698, -243.333]
[270.183, 80.6621, -8.96422, -183.5, 155.636, -87.9679, 17.2698, -243.333]
[270.183, 80.6621, -8.96422, -183.5, 155.636, -87.9679, 17.2698, -243.333]
[270.183, 80.6621, -8.96421, -183.5, 155.636, -87.9679, 17.2698, -243.333]
[270.183, 80.6621, -8.96421, -183.5, 155.636, -87.9679, 17.2697, -243.333]
[270.183, 80.6621, -8.96423, -183.5, 155.636, -87.9679, 17.2697, -243.333]
[270.183, 80.6621, -8.96423, -183.5, 155.636, -87.9679, 17.2697, -243.333]
[270.183, 80.6621, -8.96423, -183.5, 155.636, -87.9679, 17.2697, -243.333]
[270.183, 80.6621, -8.96423, -183.5, 155.636, -87.9679, 17.2697, -243.333]
[270.183, 80.6621, -8.96422, -183.5, 155.636, -87.9679, 17.2697, -243.333]
[270.183, 80.6621, -8.96422, -183.5, 155.636, -87.9679, 17.2697, -243.333]
[270.183, 80.6621, -8.96421, -183.5, 155.636, -87.9679, 17.2697, -243.333]
[270.183, 80.6621, -8.96421, -183.5, 155.636, -87.9679, 17.2698, -243.333]
[270.183, 80.6621, -8.96421, -183.5, 155.636, -87.9679, 17.2698, -243.333]
[270.183, 80.662, -8.96421, -183.5, 155.636, -87.9679, 17.2698, -243.333]
[270.183, 80.662, -8.96421, -183.5, 155.636, -87.9679, 17.2698, -243.333]
[270.183, 80.662, -8.96421, -183.5, 155.636, -87.9679, 17.2698, -243.333]
[270.183, 80.662, -8.96421, -183.5, 155.636, -87.9679, 17.2698, -243.333]
[270.183, 80.662, -8.96421, -183.5, 155.636, -87.9679, 17.2698, -243.333]
[270.183, 80.662, -8.96421, -183.5, 155.636, -87.9679, 17.2698, -243.333]
[270.183, 80.662, -8.96421, -183.5, 155.636, -87.9679, 17.2698, -243.333]
[270.183, 80.662, -8.9642, -183.5, 155.636, -87.9679, 17.2698, -243.333]
[270.183, 80.662, -8.9642, -183.5, 155.636, -87.9679, 17.2698, -243.333]
[270.183, 80.662, -8.9642, -183.5, 155.636, -87.9679, 17.2698, -243.333]
[270.183, 80.662, -8.9642, -183.5, 155.636, -87.9679, 17.2698, -243.333]
[270.183, 80.662, -8.9642, -183.5, 155.636, -87.9679, 17.2698, -243.333]
[270.183, 80.662, -8.9642, -183.5, 155.636, -87.9679, 17.2698, -243.333]
[270.183, 80.662, -8.9642, -183.5, 155.636, -87.9679, 17.2698, -243.333]
[270.183, 80.662, -8.9642, -183.5, 155.636, -87.9679, 17.2698, -243.333]
[270.183, 80.662, -8.9642, -183.5, 155.636, -87.9679, 17.2698, -243.333]
[270.183, 80.662, -8.9642, -183.5, 155.636, -87.9679, 17.2698, -243.333]
[270.183, 80.662, -8.9642, -183.5, 155.636, -87.9679, 17.2698, -243.333]
[270.183, 80.662, -8.9642, -183.5, 155.636, -87.9679, 17.2698, -243.333]
[270.183, 80.662, -8.9642, -183.5, 155.636, -87.9679, 17.2698, -243.333]
[270.183, 80.6621, -8.96422, -183.5, 155.636, -87.9679, 17.2698, -243.333]
[270.183, 80.6621, -8.96428, -183.5, 155.636, -87.9679, 17.2698, -243.333]
[270.183, 80.6621, -8.96428, -183.5, 155.636, -87.9678, 17.2698, -243.333]
[270.183, 80.6621, -8.96427, -183.5, 155.636, -87.9678, 17.2698, -243.333]
[270.183, 80.6621, -8.96427, -183.5, 155.636, -87.9678, 17.2698, -243.333]
[270.183, 80.6621, -8.96427, -183.5, 155.636, -87.9679, 17.2698, -243.333]
[270.183, 80.6621, -8.96429, -183.5, 155.636, -87.9679, 17.2698, -243.333]
[270.183, 80.6621, -8.96429, -183.5, 155.636, -87.9679, 17.2698, -243.333]
[270.183, 80.6621, -8.96429, -183.5, 155.636, -87.9679, 17.2698, -243.333]
[270.183, 80.6621, -8.96429, -183.5, 155.636, -87.9679, 17.2698, -243.333]
[270.183, 80.6621, -8.96429, -183.5, 155.636, -87.9679, 17.2698, -243.333]
[270.183, 80.6621, -8.96429, -183.5, 155.636, -87.9679, 17.2698, -243.333]
[270.183, 80.6621, -8.96429, -183.5, 155.636, -87.9679, 17.2698, -243.333]
[270.183, 80.6621, -8.96429, -183.5, 155.636, -87.9679, 17.2698, -243.333]
[270.183, 80.6621, -8.96429, -183.5, 155.636, -87.9679, 17.2698, -243.333]
[270.183, 80.6621, -8.96429, -183.5, 155.636, -87.9679, 17.2698, -243.333]
[270.183, 80.6621, -8.96429, -183.5, 155.636, -87.9679, 17.2698, -243.333]
[270.183, 80.6621, -8.96429, -183.5, 155.636, -87.9679, 17.2698, -243.333]
[270.183, 80.6621, -8.96429, -183.5, 155.636, -87.9679, 17.2698, -243.333]
[270.183, 80.6621, -8.96429, -183.5, 155.636, -87.9679, 17.2698, -243.333]
[270.183, 80.6621, -8.96429, -183.5, 155.636, -87.9679, 17.2698, -243.333]
[270.183, 80.6621, -8.96429, -183.5, 155.636, -87.9679, 17.2698, -243.333]
[270.183, 80.6621, -8.96429, -183.5, 155.636, -87.9679, 17.2698, -243.333]
[270.183, 80.6621, -8.96429, -183.5, 155.636, -87.9679, 17.2698, -243.333]
[270.183, 80.6621, -8.96429, -183.5, 155.636, -87.9679, 17.2698, -243.333]
[270.183, 80.6621, -8.96429, -183.5, 155.636, -87.9679, 17.2698, -243.333]
[270.183, 80.6621, -8.96429, -183.5, 155.636, -87.9679, 17.2698, -243.333]
[270.183, 80.6621, -8.96429, -183.5, 155.636, -87.9678, 17.2698, -243.333]
[270.183, 80.6621, -8.96429, -183.5, 155.636, -87.9678, 17.2698, -243.333]
[270.183, 80.6621, -8.96429, -183.5, 155.636, -87.9678, 17.2698, -243.333]
[270.183, 80.6621, -8.96429, -183.5, 155.636, -87.9678, 17.2698, -243.333]
[270.183, 80.6621, -8.96429, -183.5, 155.636, -87.9678, 17.2697, -243.333]
[270.183, 80.6621, -8.96431, -183.5, 155.636, -87.9678, 17.2697, -243.333]
[270.183, 80.6621, -8.96431, -183.5, 155.636, -87.9678, 17.2697, -243.333]
[270.183, 80.6621, -8.96431, -183.5, 155.636, -87.9678, 17.2697, -243.333]
[270.183, 80.6621, -8.96431, -183.5, 155.636, -87.9678, 17.2697, -243.333]
[270.183, 80.6621, -8.96431, -183.5, 155.636, -87.9678, 17.2697, -243.333]
[270.183, 80.6621, -8.9643, -183.5, 155.636, -87.9678, 17.2697, -243.333]
[270.183, 80.6621, -8.9643, -183.5, 155.636, -87.9678, 17.2697, -243.333]
[270.183, 80.6621, -8.9643, -183.5, 155.636, -87.9678, 17.2697, -243.333]
[270.183, 80.6621, -8.9643, -183.5, 155.636, -87.9678, 17.2697, -243.333]
[270.183, 80.6621, -8.9643, -183.5, 155.636, -87.9678, 17.2697, -243.333]
[270.183, 80.6621, -8.9643, -183.5, 155.636, -87.9678, 17.2697, -243.333]
[270.183, 80.6621, -8.9643, -183.5, 155.636, -87.9678, 17.2697, -243.333]
[270.183, 80.6621, -8.9643, -183.5, 155.636, -87.9678, 17.2697, -243.333]
[270.183, 80.6621, -8.9643, -183.5, 155.636, -87.9678, 17.2697, -243.333]
[270.183, 80.6621, -8.9643, -183.5, 155.636, -87.9678, 17.2697, -243.333]
[270.183, 80.6621, -8.9643, -183.5, 155.636, -87.9678, 17.2697, -243.333]
[270.183, 80.6621, -8.96436, -183.5, 155.636, -87.9678, 17.2697, -243.333]
[270.183, 80.6621, -8.96436, -183.5, 155.636, -87.9678, 17.2697, -243.333]
[270.183, 80.6621, -8.96436, -183.5, 155.636, -87.9678, 17.2697, -243.333]
[270.183, 80.6621, -8.96436, -183.5, 155.636, -87.9678, 17.2697, -243.333]
[270.183, 80.6621, -8.96436, -183.5, 155.636, -87.9678, 17.2697, -243.333]
[270.183, 80.6621, -8.96436, -183.5, 155.636, -87.9678, 17.2697, -243.333]
[270.183, 80.6621, -8.96436, -183.5, 155.636, -87.9678, 17.2697, -243.333]
[270.183, 80.6621, -8.96436, -183.5, 155.636, -87.9678, 17.2697, -243.333]
[270.183, 80.6621, -8.96436, -183.5, 155.636, -87.9678, 17.2697, -243.333]
[270.183, 80.6622, -8.96439, -183.5, 155.636, -87.9678, 17.2697, -243.333]
[270.183, 80.6622, -8.96437, -183.5, 155.636, -87.9678, 17.2697, -243.333]
[270.183, 80.6622, -8.96437, -183.5, 155.636, -87.9678, 17.2697, -243.333]
[270.183, 80.6622, -8.96437, -183.5, 155.636, -87.9678, 17.2697, -243.333]
[270.183, 80.6622, -8.96437, -183.5, 155.636, -87.9678, 17.2697, -243.333]
[270.183, 80.6622, -8.96437, -183.5, 155.636, -87.9678, 17.2697, -243.333]
[270.183, 80.6622, -8.96437, -183.5, 155.636, -87.9678, 17.2697, -243.333]
[270.183, 80.6622, -8.96437, -183.5, 155.636, -87.9678, 17.2697, -243.333]
[270.183, 80.6622, -8.96438, -183.5, 155.636, -87.9678, 17.2697, -243.333]
[270.183, 80.6622, -8.96438, -183.5, 155.636, -87.9678, 17.2697, -243.333]
[270.183, 80.6622, -8.96438, -183.5, 155.636, -87.9678, 17.2697, -243.333]
[270.183, 80.6622, -8.96438, -183.5, 155.636, -87.9678, 17.2697, -243.333]
[270.183, 80.6622, -8.96438, -183.5, 155.636, -87.9678, 17.2697, -243.333]
[270.183, 80.6622, -8.96438, -183.5, 155.636, -87.9678, 17.2697, -243.333]
[270.183, 80.6622, -8.96438, -183.5, 155.636, -87.9678, 17.2698, -243.333]
[270.183, 80.6622, -8.96438, -183.5, 155.636, -87.9678, 17.2698, -243.333]
[270.183, 80.6622, -8.96438, -183.5, 155.636, -87.9678, 17.2698, -243.333]
[270.183, 80.6622, -8.96438, -183.5, 155.636, -87.9678, 17.2698, -243.333]
[270.183, 80.6622, -8.96438, -183.5, 155.636, -87.9678, 17.2698, -243.333]
[270.183, 80.6622, -8.96438, -183.5, 155.636, -87.9678, 17.2698, -243.333]
[270.183, 80.6622, -8.96438, -183.5, 155.636, -87.9678, 17.2698, -243.333]
[270.183, 80.6622, -8.96438, -183.5, 155.636, -87.9678, 17.2698, -243.333]
[270.183, 80.6622, -8.96438, -183.5, 155.636, -87.9678, 17.2698, -243.333]
[270.183, 80.6622, -8.96437, -183.5, 155.636, -87.9678, 17.2698, -243.333]
[270.183, 80.6622, -8.96437, -183.5, 155.636, -87.9678, 17.2697, -243.333]
[270.183, 80.6622, -8.96437, -183.5, 155.636, -87.9678, 17.2697, -243.333]
[270.183, 80.6622, -8.96437, -183.5, 155.636, -87.9678, 17.2697, -243.333]
[270.183, 80.6621, -8.96437, -183.5, 155.636, -87.9678, 17.2697, -243.333]
[270.183, 80.662, -8.96437, -183.5, 155.636, -87.9678, 17.2697, -243.333]
[270.183, 80.662, -8.96437, -183.5, 155.636, -87.9678, 17.2697, -243.333]
[270.183, 80.662, -8.96437, -183.5, 155.636, -87.9678, 17.2697, -243.333]
[270.183, 80.6621, -8.96437, -183.5, 155.636, -87.9678, 17.2697, -243.333]
[270.183, 80.662, -8.96437, -183.5, 155.636, -87.9677, 17.2697, -243.333]
[270.183, 80.662, -8.96437, -183.5, 155.636, -87.9677, 17.2697, -243.333]
[270.183, 80.662, -8.96437, -183.5, 155.636, -87.9677, 17.2697, -243.333]
[270.183, 80.662, -8.96437, -183.5, 155.636, -87.9677, 17.2697, -243.333]
[270.183, 80.662, -8.96437, -183.5, 155.636, -87.9677, 17.2697, -243.333]
[270.183, 80.662, -8.96437, -183.5, 155.636, -87.9677, 17.2697, -243.333]
[270.183, 80.662, -8.96437, -183.5, 155.636, -87.9677, 17.2697, -243.333]
[270.183, 80.662, -8.96437, -183.5, 155.636, -87.9677, 17.2698, -243.333]
[270.183, 80.662, -8.96437, -183.5, 155.636, -87.9678, 17.2698, -243.333]
[270.183, 80.662, -8.96437, -183.5, 155.636, -87.9677, 17.2698, -243.333]
[270.183, 80.662, -8.96437, -183.5, 155.636, -87.9677, 17.2698, -243.333]
[270.183, 80.662, -8.96437, -183.5, 155.636, -87.9677, 17.2698, -243.333]
[270.183, 80.662, -8.96437, -183.5, 155.636, -87.9677, 17.2698, -243.333]
[270.183, 80.662, -8.96437, -183.5, 155.636, -87.9677, 17.2698, -243.333]
[270.183, 80.662, -8.96437, -183.5, 155.636, -87.9677, 17.2698, -243.333]
[270.183, 80.662, -8.96437, -183.5, 155.636, -87.9677, 17.2698, -243.333]
[270.183, 80.662, -8.96437, -183.5, 155.636, -87.9677, 17.2698, -243.333]
[270.183, 80.662, -8.96437, -183.5, 155.636, -87.9677, 17.2698, -243.333]
[270.183, 80.662, -8.96437, -183.5, 155.636, -87.9677, 17.2698, -243.333]
[270.183, 80.662, -8.96437, -183.5, 155.636, -87.9677, 17.2698, -243.333]
[270.183, 80.662, -8.96437, -183.5, 155.636, -87.9677, 17.2698, -243.333]
[270.183, 80.662, -8.96437, -183.5, 155.636, -87.9677, 17.2698, -243.333]
[270.183, 80.662, -8.96437, -183.5, 155.636, -87.9677, 17.2698, -243.333]
[270.183, 80.662, -8.96437, -183.5, 155.636, -87.9677, 17.2698, -243.333]
[270.183, 80.662, -8.96437, -183.5, 155.636, -87.9677, 17.2698, -243.333]
[270.183, 80.662, -8.96437, -183.5, 155.636, -87.9677, 17.2698, -243.333]
[270.183, 80.662, -8.96432, -183.5, 155.636, -87.9677, 17.2698, -243.333]
[270.183, 80.662, -8.96432, -183.5, 155.636, -87.9677, 17.2698, -243.333]
[270.183, 80.662, -8.96432, -183.5, 155.636, -87.9677, 17.2698, -243.333]
[270.183, 80.662, -8.96433, -183.5, 155.636, -87.9677, 17.2698, -243.333]
[270.183, 80.662, -8.96433, -183.5, 155.636, -87.9677, 17.2698, -243.333]
[270.183, 80.662, -8.96433, -183.5, 155.636, -87.9677, 17.2698, -243.333]
[270.183, 80.662, -8.96433, -183.5, 155.636, -87.9677, 17.2698, -243.333]
[270.183, 80.662, -8.96433, -183.5, 155.636, -87.9677, 17.2698, -243.333]
[270.183, 80.662, -8.96433, -183.5, 155.636, -87.9677, 17.2698, -243.333]
[270.183, 80.662, -8.96433, -183.5, 155.636, -87.9677, 17.2698, -243.333]
[270.183, 80.662, -8.96433, -183.5, 155.636, -87.9677, 17.2698, -243.333]
[270.183, 80.662, -8.9643, -183.5, 155.636, -87.9677, 17.2698, -243.333]
[270.183, 80.662, -8.9643, -183.5, 155.636, -87.9677, 17.2698, -243.333]
[270.183, 80.662, -8.9643, -183.5, 155.636, -87.9677, 17.2698, -243.333]
[270.183, 80.662, -8.9643, -183.5, 155.636, -87.9677, 17.2698, -243.333]
[270.183, 80.662, -8.9643, -183.5, 155.636, -87.9677, 17.2698, -243.333]
[270.183, 80.662, -8.9643, -183.5, 155.636, -87.9677, 17.2698, -243.333]
[270.183, 80.662, -8.9643, -183.5, 155.636, -87.9677, 17.2698, -243.333]
[270.183, 80.662, -8.96428, -183.5, 155.636, -87.9677, 17.2698, -243.333]
[270.183, 80.662, -8.96428, -183.5, 155.636, -87.9677, 17.2698, -243.333]
[270.183, 80.662, -8.96428, -183.5, 155.636, -87.9677, 17.2698, -243.333]
[270.183, 80.662, -8.96428, -183.5, 155.636, -87.9677, 17.2698, -243.333]
[270.183, 80.662, -8.96428, -183.5, 155.636, -87.9677, 17.2698, -243.333]
[270.183, 80.662, -8.96428, -183.5, 155.636, -87.9677, 17.2698, -243.333]
[270.183, 80.662, -8.96428, -183.5, 155.636, -87.9677, 17.2698, -243.333]
[270.183, 80.662, -8.96428, -183.5, 155.636, -87.9677, 17.2697, -243.333]
[270.183, 80.662, -8.96428, -183.5, 155.636, -87.9677, 17.2697, -243.333]
[270.183, 80.662, -8.96428, -183.501, 155.636, -87.9677, 17.2697, -243.333]
[270.183, 80.662, -8.96428, -183.501, 155.636, -87.9677, 17.2697, -243.333]
[270.183, 80.662, -8.96428, -183.501, 155.636, -87.9677, 17.2697, -243.333]
[270.183, 80.662, -8.96428, -183.501, 155.636, -87.9677, 17.2698, -243.333]
[270.183, 80.662, -8.96428, -183.501, 155.636, -87.9677, 17.2698, -243.333]
[270.183, 80.662, -8.96428, -183.501, 155.636, -87.9677, 17.2698, -243.333]
[270.183, 80.662, -8.96428, -183.501, 155.636, -87.9677, 17.2698, -243.333]
[270.183, 80.662, -8.96428, -183.501, 155.636, -87.9677, 17.2698, -243.333]
[270.183, 80.662, -8.96429, -183.501, 155.636, -87.9677, 17.2698, -243.333]
[270.183, 80.662, -8.96429, -183.501, 155.636, -87.9677, 17.2698, -243.333]
[270.183, 80.662, -8.96429, -183.501, 155.636, -87.9677, 17.2698, -243.333]
[270.183, 80.662, -8.96429, -183.501, 155.636, -87.9677, 17.2698, -243.333]
[270.183, 80.662, -8.96428, -183.501, 155.636, -87.9677, 17.2698, -243.333]
[270.183, 80.662, -8.96426, -183.501, 155.636, -87.9677, 17.2698, -243.333]
[270.183, 80.662, -8.96426, -183.501, 155.636, -87.9677, 17.2698, -243.333]
[270.183, 80.662, -8.96426, -183.501, 155.636, -87.9677, 17.2698, -243.333]
[270.183, 80.662, -8.96426, -183.501, 155.636, -87.9677, 17.2697, -243.333]
[270.183, 80.662, -8.96431, -183.501, 155.636, -87.9677, 17.2697, -243.333]
[270.183, 80.662, -8.96431, -183.501, 155.636, -87.9677, 17.2697, -243.333]
[270.183, 80.662, -8.96431, -183.501, 155.636, -87.9677, 17.2697, -243.333]
[270.183, 80.662, -8.96431, -183.501, 155.636, -87.9677, 17.2697, -243.333]
[270.183, 80.662, -8.96431, -183.501, 155.636, -87.9677, 17.2697, -243.333]
[270.183, 80.662, -8.96431, -183.501, 155.636, -87.9677, 17.2697, -243.333]
[270.183, 80.662, -8.96431, -183.501, 155.636, -87.9677, 17.2697, -243.333]
[270.183, 80.662, -8.96431, -183.501, 155.636, -87.9677, 17.2697, -243.333]
[270.183, 80.662, -8.96431, -183.501, 155.636, -87.9677, 17.2697, -243.333]
[270.183, 80.662, -8.96431, -183.501, 155.636, -87.9677, 17.2697, -243.333]
[270.183, 80.662, -8.9643, -183.501, 155.636, -87.9677, 17.2697, -243.333]
[270.183, 80.662, -8.9643, -183.501, 155.636, -87.9677, 17.2697, -243.333]
[270.183, 80.662, -8.96432, -183.501, 155.636, -87.9677, 17.2697, -243.333]
[270.183, 80.662, -8.96432, -183.501, 155.636, -87.9677, 17.2697, -243.333]
[270.183, 80.662, -8.96433, -183.501, 155.636, -87.9677, 17.2697, -243.333]
[270.183, 80.662, -8.96433, -183.501, 155.636, -87.9677, 17.2697, -243.333]
[270.183, 80.662, -8.96438, -183.501, 155.636, -87.9676, 17.2697, -243.333]
[270.183, 80.662, -8.96438, -183.501, 155.636, -87.9676, 17.2697, -243.333]
[270.183, 80.662, -8.96437, -183.501, 155.636, -87.9676, 17.2697, -243.333]
[270.183, 80.662, -8.96437, -183.501, 155.636, -87.9676, 17.2697, -243.333]
[270.183, 80.662, -8.96437, -183.501, 155.636, -87.9676, 17.2697, -243.333]
[270.183, 80.662, -8.96437, -183.501, 155.636, -87.9676, 17.2697, -243.333]
[270.183, 80.662, -8.96437, -183.501, 155.636, -87.9676, 17.2697, -243.333]
[270.183, 80.662, -8.96437, -183.501, 155.636, -87.9676, 17.2697, -243.333]
[270.183, 80.662, -8.96437, -183.501, 155.636, -87.9676, 17.2697, -243.333]
[270.183, 80.662, -8.96436, -183.501, 155.636, -87.9676, 17.2697, -243.333]
[270.183, 80.662, -8.96436, -183.501, 155.636, -87.9676, 17.2697, -243.333]
[270.183, 80.662, -8.96436, -183.501, 155.636, -87.9676, 17.2697, -243.333]
[270.183, 80.662, -8.96436, -183.501, 155.636, -87.9676, 17.2697, -243.333]
[270.183, 80.662, -8.96436, -183.501, 155.636, -87.9676, 17.2697, -243.333]
[270.183, 80.662, -8.96436, -183.501, 155.636, -87.9676, 17.2697, -243.333]
[270.183, 80.662, -8.96436, -183.501, 155.636, -87.9676, 17.2697, -243.333]
[270.183, 80.662, -8.96436, -183.501, 155.636, -87.9675, 17.2697, -243.333]
[270.183, 80.662, -8.9644, -183.501, 155.636, -87.9675, 17.2697, -243.333]
[270.183, 80.662, -8.9644, -183.501, 155.636, -87.9675, 17.2697, -243.333]
[270.183, 80.662, -8.9644, -183.501, 155.636, -87.9675, 17.2697, -243.333]
[270.183, 80.662, -8.9644, -183.501, 155.636, -87.9675, 17.2697, -243.333]
[270.183, 80.662, -8.96441, -183.501, 155.636, -87.9675, 17.2697, -243.333]
[270.183, 80.662, -8.96441, -183.501, 155.636, -87.9675, 17.2697, -243.333]
[270.183, 80.662, -8.96441, -183.501, 155.636, -87.9675, 17.2697, -243.333]
[270.183, 80.662, -8.96441, -183.501, 155.636, -87.9675, 17.2697, -243.333]
[270.183, 80.662, -8.96441, -183.501, 155.636, -87.9675, 17.2697, -243.333]
[270.183, 80.662, -8.96441, -183.501, 155.636, -87.9675, 17.2697, -243.333]
[270.183, 80.662, -8.96441, -183.501, 155.636, -87.9675, 17.2697, -243.333]
[270.183, 80.662, -8.96441, -183.501, 155.636, -87.9675, 17.2697, -243.333]
[270.183, 80.662, -8.9644, -183.501, 155.636, -87.9675, 17.2697, -243.333]
[270.183, 80.662, -8.9644, -183.501, 155.636, -87.9675, 17.2697, -243.333]
[270.183, -3.39844, 75.0961, -183.501, 155.636, -87.9675, 17.2697, -243.333]
[270.183, -3.39844, 75.0961, -183.501, 155.636, -87.9675, 17.2697, -243.333]
[270.183, -3.39844, 75.0961, -183.501, 155.636, -87.9675, 17.2697, -243.333]
[270.183, -3.39845, 75.0961, -183.501, 155.636, -87.9675, 17.2697, -243.333]
[270.183, -3.39847, 75.0961, -183.501, 155.636, -87.9675, 17.2697, -243.333]
[270.183, -3.39847, 75.0961, -183.501, 155.636, -87.9675, 17.2697, -243.333]
[270.183, -3.39847, 75.0961, -183.501, 155.636, -87.9675, 17.2697, -243.333]
[270.183, -3.39847, 75.0961, -183.501, 155.636, -87.9675, 17.2697, -243.333]
[270.183, -3.39847, 75.0961, -183.501, 155.636, -87.9675, 17.2697, -243.333]
[270.183, -3.39847, 75.0961, -183.501, 155.636, -87.9675, 17.2697, -243.333]
[270.183, -3.39847, 75.0961, -183.501, 155.636, -87.9675, 17.2697, -243.333]
[270.183, -3.39847, 75.0961, -183.501, 155.636, -87.9675, 17.2697, -243.333]
[270.183, -3.39848, 75.0961, -183.501, 155.636, -87.9675, 17.2697, -243.333]
[270.183, -3.39848, 75.0961, -183.501, 155.636, -87.9675, 17.2697, -243.333]
[270.183, -3.39848, 75.0961, -183.501, 155.636, -87.9675, 17.2697, -243.333]
[270.183, -3.39848, 75.0961, -183.501, 155.636, -87.9675, 17.2697, -243.333]
[270.183, -3.39848, 75.0961, -183.501, 155.636, -87.9675, 17.2697, -243.333]
[270.183, -3.39848, 75.0961, -183.501, 155.636, -87.9675, 17.2697, -243.333]
[270.183, -3.39848, 75.0961, -183.501, 155.636, -87.9675, 17.2697, -243.333]
[270.183, -3.39848, 75.0961, -183.501, 155.636, -87.9675, 17.2697, -243.333]
[270.183, -3.39848, 75.0961, -183.501, 155.636, -87.9675, 17.2697, -243.333]
[270.183, -3.39848, 75.0961, -183.501, 155.636, -87.9675, 17.2697, -243.333]
[270.183, -3.39848, 75.0961, -183.501, 155.636, -87.9675, 17.2697, -243.333]
[270.183, -3.39847, 75.0961, -183.501, 155.636, -87.9675, 17.2697, -243.333]
[270.183, -3.39847, 75.0961, -183.501, 155.636, -87.9675, 17.2697, -243.333]
[270.183, -3.39846, 75.0961, -183.501, 155.636, -87.9675, 17.2697, -243.333]
[270.183, -3.39846, 75.0961, -183.501, 155.636, -87.9675, 17.2697, -243.333]
[270.183, -3.39846, 75.0961, -183.501, 155.636, -87.9675, 17.2696, -243.333]
[270.183, -3.39846, 75.0961, -183.501, 155.636, -87.9675, 17.2696, -243.333]
[270.183, -3.39846, 75.0961, -183.501, 155.636, -87.9675, 17.2696, -243.333]
[270.183, -3.39846, 75.0961, -183.501, 155.636, -87.9675, 17.2696, -243.333]
[270.183, -3.39846, 75.0961, -183.501, 155.636, -87.9675, 17.2696, -243.333]
[270.183, -3.39846, 75.0961, -183.501, 155.636, -87.9675, 17.2696, -243.333]
[270.183, -3.39846, 75.0961, -183.501, 155.636, -87.9675, 17.2696, -243.333]
[270.183, -3.39846, 75.0961, -183.501, 155.636, -87.9675, 17.2696, -243.333]
[270.183, -3.39845, 75.0961, -183.501, 155.636, -87.9675, 17.2696, -243.333]
[270.183, -3.39848, 75.0962, -183.501, 155.636, -87.9675, 17.2696, -243.333]
[270.183, -3.39848, 75.0962, -183.501, 155.636, -87.9675, 17.2696, -243.333]
[270.183, -3.39848, 75.0962, -183.501, 155.636, -87.9675, 17.2696, -243.333]
[270.183, -3.39848, 75.0962, -183.501, 155.636, -87.9675, 17.2696, -243.333]
[270.183, -3.39848, 75.0962, -183.501, 155.636, -87.9675, 17.2696, -243.333]
[270.183, -3.39848, 75.0962, -183.501, 155.636, -87.9675, 17.2696, -243.333]
[270.183, -3.39848, 75.0962, -183.501, 155.636, -87.9675, 17.2696, -243.333]
[270.183, -3.39848, 75.0962, -183.501, 155.636, -87.9675, 17.2696, -243.333]
[270.183, -3.39848, 75.0961, -183.501, 155.636, -87.9675, 17.2696, -243.333]
[270.183, -3.39848, 75.0961, -183.501, 155.636, -87.9675, 17.2696, -243.333]
[270.183, -3.39848, 75.0961, -183.501, 155.636, -87.9675, 17.2696, -243.333]
[270.183, -3.39848, 75.0961, -183.501, 155.636, -87.9675, 17.2696, -243.333]
[270.183, -3.39848, 75.0961, -183.501, 155.636, -87.9675, 17.2696, -243.333]
[270.183, -3.39848, 75.0961, -183.501, 155.636, -87.9675, 17.2696, -243.333]
[270.183, -3.39847, 75.0961, -183.501, 155.636, -87.9675, 17.2696, -243.333]
[270.183, -3.39847, 75.0961, -183.501, 155.636, -87.9676, 17.2696, -243.333]
[270.183, -3.39848, 75.0961, -183.501, 155.636, -87.9676, 17.2696, -243.333]
[270.183, -3.39848, 75.0961, -183.501, 155.636, -87.9676, 17.2696, -243.333]
[270.183, -3.39848, 75.0962, -183.501, 155.636, -87.9676, 17.2696, -243.333]
[270.183, -3.39848, 75.0962, -183.501, 155.636, -87.9676, 17.2696, -243.333]
[270.183, -3.39847, 75.0962, -183.501, 155.636, -87.9676, 17.2696, -243.333]
[270.183, -3.39847, 75.0962, -183.501, 155.636, -87.9676, 17.2696, -243.333]
[270.183, -3.39847, 75.0962, -183.501, 155.636, -87.9676, 17.2696, -243.333]
[270.183, -3.39847, 75.0962, -183.501, 155.636, -87.9676, 17.2696, -243.333]
[270.183, -3.39847, 75.0962, -183.501, 155.636, -87.9676, 17.2696, -243.333]
[270.183, -3.39847, 75.0962, -183.501, 155.636, -87.9676, 17.2696, -243.333]
[270.183, -3.39847, 75.0962, -183.501, 155.636, -87.9676, 17.2696, -243.333]
[270.183, -3.39847, 75.0962, -183.501, 155.636, -87.9676, 17.2696, -243.333]
[270.183, -3.39847, 75.0962, -183.501, 155.636, -87.9675, 17.2696, -243.333]
[270.183, -3.39847, 75.0962, -183.501, 155.636, -87.9675, 17.2696, -243.333]
[270.183, -3.39847, 75.0962, -183.501, 155.636, -87.9675, 17.2696, -243.333]
[270.183, -3.39847, 75.0962, -183.501, 155.636, -87.9675, 17.2696, -243.333]
[270.183, -3.39847, 75.0962, -183.501, 155.636, -87.9675, 17.2696, -243.333]
[270.183, -3.39847, 75.0962, -183.501, 155.636, -87.9675, 17.2696, -243.333]
[270.183, -3.39847, 75.0961, -183.501, 155.636, -87.9675, 17.2696, -243.333]
[270.183, -3.39847, 75.0961, -183.501, 155.636, -87.9675, 17.2696, -243.333]
[270.183, -3.39847, 75.0961, -183.501, 155.636, -87.9675, 17.2696, -243.333]
[270.183, -3.39847, 75.0961, -183.501, 155.636, -87.9675, 17.2696, -243.333]
[270.183, -3.39847, 75.0961, -183.501, 155.636, -87.9675, 17.2696, -243.333]
[270.183, -3.39847, 75.0961, -183.501, 155.636, -87.9675, 17.2696, -243.333]
[270.183, -3.39847, 75.0961, -259.878, 155.636, -87.9675, 17.2696, -166.956]
[270.183, -3.39847, 75.0961, -259.878, 155.636, -87.9675, 17.2696, -166.956]
[180.382, -3.39847, 75.0961, -259.878, 245.437, -87.9675, 17.2696, -166.956]
[180.382, -3.39847, 75.0961, -259.878, 245.437, -87.9675, 17.2696, -166.956]
[180.382, -3.39847, 75.0961, -259.878, 245.437, -87.9675, 17.2696, -166.956]
[180.382, -3.39847, 75.0962, -259.878, 245.437, -87.9675, 17.2696, -166.956]
[180.382, -3.39847, 75.0962, -259.878, 245.437, -87.9675, 17.2696, -166.956]
[180.382, -3.39847, 75.0962, -259.878, 245.437, -87.9675, 17.2696, -166.956]
[180.382, -3.39842, 75.0961, -259.878, 245.437, -87.9675, 17.2696, -166.956]
[180.382, -3.39842, 75.0961, -259.878, 245.437, -87.9675, 17.2696, -166.956]
[180.382, -3.39842, 75.0961, -259.878, 245.437, -87.9675, 17.2696, -166.955]
[180.382, -3.39842, 75.0961, -259.878, 245.437, -87.9675, 17.2696, -166.955]
[180.382, -3.39844, 75.0961, -259.878, 245.437, -87.9675, 17.2696, -166.955]
[180.382, -3.39844, 75.0961, -259.878, 245.437, -87.9675, 17.2696, -166.955]
[180.382, -3.39845, 75.0961, -259.878, 245.437, -87.9675, 17.2696, -166.955]
[180.382, -3.39845, 75.0961, -259.878, 245.437, -87.9675, 17.2696, -166.955]
[180.382, -3.39845, 75.0961, -259.878, 245.437, -87.9675, 17.2696, -166.955]
[180.382, -3.39846, 75.0961, -259.878, 245.437, -87.9675, 17.2696, -166.955]
[180.382, -3.39848, 75.0962, -259.878, 245.437, -87.9675, 17.2696, -166.955]
[180.382, -3.39848, 75.0961, -259.878, 245.437, -87.9675, 17.2696, -166.955]
[180.382, -3.39849, 75.0961, -259.878, 245.437, -87.9675, 17.2696, -166.955]
[180.382, -3.39849, 75.0961, -259.878, 245.437, -87.9675, 17.2696, -166.955]
[180.382, -3.39849, 75.0961, -259.878, 245.437, -87.9675, 17.2696, -166.955]
[180.382, -3.39849, 75.0961, -259.878, 245.437, -87.9675, 17.2696, -166.955]
[180.382, -3.39849, 75.0961, -259.878, 245.437, -87.9675, 17.2696, -166.955]
[180.382, -3.39849, 75.0961, -259.878, 245.437, -87.9675, 17.2696, -166.955]
[180.382, -3.39849, 75.0961, -259.878, 245.437, -87.9675, 17.2696, -166.955]
[180.382, -3.39849, 75.0961, -259.878, 245.437, -87.9675, 17.2696, -166.955]
[180.382, -3.39844, 75.0961, -259.878, 245.437, -87.9675, 17.2696, -166.955]
[180.382, -3.39844, 75.0961, -259.878, 245.437, -87.9675, 17.2696, -166.955]
[180.382, -3.39844, 75.0961, -259.878, 245.437, -87.9675, 17.2696, -166.955]
[180.382, -3.39844, 75.0961, -259.878, 245.437, -87.9675, 17.2696, -166.955]
[180.382, -3.39844, 75.0961, -259.878, 245.437, -87.9675, 17.2696, -166.956]
[180.382, -3.39844, 75.0961, -259.878, 245.437, -87.9675, 17.2696, -166.956]
[180.382, -3.39844, 75.0961, -259.878, 245.437, -87.9675, 17.2696, -166.956]
[180.382, -3.39846, 75.0961, -259.878, 245.437, -87.9675, 17.2696, -166.956]
[180.382, -3.39846, 75.0961, -259.878, 245.437, -87.9675, 17.2696, -166.956]
[180.382, -3.39846, 75.0961, -259.878, 245.437, -87.9675, 17.2696, -166.956]
[180.382, -3.39846, 75.0961, -259.878, 245.437, -87.9675, 17.2696, -166.956]
[180.382, -3.39846, 75.0961, -259.878, 245.437, -87.9675, 17.2696, -166.956]
[180.382, -3.39846, 75.0961, -259.878, 245.437, -87.9675, 17.2697, -166.956]
[180.382, -3.39846, 75.0961, -259.878, 245.437, -87.9675, 17.2697, -166.956]
[180.382, -3.39846, 75.0961, -259.878, 245.437, -87.9675, 17.2697, -166.956]
[180.382, -3.39846, 75.0961, -259.878, 245.437, -87.9675, 17.2696, -166.956]
[180.382, -3.39846, 75.0961, -259.878, 245.437, -87.9675, 17.2696, -166.956]
[180.382, -3.39846, 75.0961, -259.878, 245.437, -87.9675, 17.2696, -166.956]
[180.382, -3.39846, 75.0961, -259.878, 245.437, -87.9675, 17.2696, -166.956]
[180.382, -3.39846, 75.0961, -259.878, 245.437, -87.9675, 17.2696, -166.956]
[180.382, -3.39846, 75.0961, -259.878, 245.437, -87.9675, 17.2696, -166.956]
[180.382, -3.39846, 75.0961, -259.878, 245.437, -87.9675, 17.2696, -166.956]
[180.382, -3.39846, 75.0961, -259.878, 245.437, -87.9675, 17.2696, -166.956]
[180.382, -3.39845, 75.0961, -259.878, 245.437, -87.9675, 17.2696, -166.956]
[180.382, -3.39845, 75.0961, -259.878, 245.437, -87.9675, 17.2696, -166.956]
[180.382, -3.39845, 75.0961, -259.878, 245.437, -87.9675, 17.2696, -166.956]
[180.382, -3.39845, 75.0961, -259.878, 245.437, -87.9675, 17.2696, -166.956]
[180.382, -3.39845, 75.0961, -259.878, 245.437, -87.9675, 17.2696, -166.956]
[180.382, -3.39845, 75.0961, -259.878, 245.437, -87.9675, 17.2696, -166.956]
[180.382, -3.39845, 75.0961, -259.878, 245.437, -87.9675, 17.2696, -166.956]
[180.382, -3.39845, 75.0961, -259.878, 245.437, -87.9675, 17.2696, -166.956]
[180.382, -3.39845, 75.0961, -259.878, 245.437, -87.9675, 17.2696, -166.956]
[180.382, -3.39845, 75.0961, -259.878, 245.437, -87.9675, 17.2696, -166.956]
[180.382, -3.39845, 75.0961, -259.878, 245.437, -87.9675, 17.2696, -166.956]
[180.382, -3.39845, 75.0961, -259.878, 245.437, -87.9675, 17.2696, -166.956]
[180.382, -3.39845, 75.0961, -259.878, 245.437, -87.9675, 17.2696, -166.956]
[180.382, -3.39845, 75.0961, -259.878, 245.437, -87.9675, 17.2696, -166.956]
[180.382, -3.39845, 75.0961, -259.878, 245.437, -87.9675, 17.2696, -166.956]
[180.382, -3.39845, 75.0961, -259.878, 245.437, -87.9675, 17.2696, -166.956]
[180.382, -3.39845, 75.0961, -259.878, 245.437, -87.9675, 17.2696, -166.956]
[180.382, -3.39845, 75.0961, -259.878, 245.437, -87.9675, 17.2696, -166.956]
[180.382, -3.39845, 75.0961, -259.878, 245.437, -87.9675, 17.2696, -166.956]
[180.382, -3.39845, 75.0961, -259.878, 245.437, -87.9675, 17.2696, -166.956]
[180.382, -3.39845, 75.0961, -259.878, 245.437, -87.9675, 17.2696, -166.956]
[180.382, -3.39845, 75.0961, -259.878, 245.437, -87.9675, 17.2696, -166.956]
[180.382, -3.39845, 75.0961, -259.878, 245.437, -87.9675, 17.2696, -166.956]
[180.382, -3.39845, 75.0961, -259.878, 245.437, -87.9675, 17.2696, -166.956]
[180.382, -3.39845, 75.0961, -259.878, 245.437, -87.9675, 17.2696, -166.956]
[180.382, -3.39845, 75.0961, -259.878, 245.437, -87.9675, 17.2696, -166.956]
[180.382, -3.39845, 75.0961, -259.878, 245.437, -87.9675, 17.2696, -166.956]
[180.382, -3.39845, 75.0961, -259.878, 245.437, -87.9675, 17.2696, -166.956]
[180.382, -3.39845, 75.0961, -259.878, 245.437, -87.9675, 17.2696, -166.956]
[180.382, -3.39845, 75.0961, -259.878, 245.437, -87.9675, 17.2696, -166.956]
[180.382, -3.39845, 75.0961, -259.878, 245.437, -87.9675, 17.2696, -166.956]
[180.382, -3.39845, 75.0961, -259.878, 245.437, -87.9674, 17.2696, -166.956]
[180.382, -3.39847, 75.0961, -259.878, 245.437, -87.9674, 17.2696, -166.956]
[180.382, -3.39847, 75.0961, -259.878, 245.437, -87.9674, 17.2696, -166.956]
[180.382, -3.39847, 75.0961, -259.878, 245.437, -87.9674, 17.2696, -166.956]
[180.382, -3.39847, 75.0961, -259.878, 245.437, -87.9674, 17.2696, -166.956]
[180.382, -3.39847, 75.0961, -259.878, 245.437, -87.9674, 17.2696, -166.956]
[180.382, -3.39847, 75.0961, -259.878, 245.437, -87.9674, 17.2696, -166.956]
[180.382, -3.39847, 75.0961, -259.878, 245.437, -87.9674, 17.2696, -166.956]
[180.382, -3.39847, 75.0961, -259.878, 245.437, -87.9674, 17.2696, -166.956]
[180.382, -3.39847, 75.0961, -259.878, 245.437, -87.9674, 17.2696, -166.956]
[180.382, -3.39847, 75.0961, -259.878, 245.437, -87.9674, 17.2696, -166.956]
[180.382, -3.39847, 75.0961, -259.878, 245.437, -87.9674, 17.2696, -166.956]
[180.382, -3.39846, 75.0961, -259.878, 245.437, -87.9674, 17.2696, -166.956]
[180.382, -3.39846, 75.0961, -259.878, 245.437, -87.9674, 17.2696, -166.956]
[180.382, -3.39846, 75.0961, -259.878, 245.437, -87.9674, 17.2696, -166.956]
[180.382, -3.39846, 75.0961, -259.878, 245.437, -87.9674, 17.2696, -166.956]
[180.382, -3.39846, 75.0961, -259.878, 245.437, -87.9674, 17.2696, -166.956]
[180.382, -3.39848, 75.0961, -259.878, 245.437, -87.9674, 17.2696, -166.956]
[180.382, -3.39848, 75.0961, -259.878, 245.437, -87.9674, 17.2696, -166.956]
[180.382, -3.39848, 75.0961, -259.878, 245.437, -87.9674, 17.2696, -166.956]
[180.382, -3.39848, 75.0961, -259.878, 245.437, -87.9674, 17.2696, -166.956]
[180.382, -3.39848, 75.0961, -259.878, 245.437, -87.9674, 17.2696, -166.956]
[180.382, -3.39848, 75.0961, -259.878, 245.437, -87.9674, 17.2696, -166.956]
[180.382, -3.39848, 75.0961, -259.878, 245.437, -87.9674, 17.2696, -166.956]
[180.382, -3.39848, 75.0961, -259.878, 245.437, -87.9674, 17.2696, -166.956]
[180.382, -3.39848, 75.0961, -259.878, 245.437, -87.9674, 17.2696, -166.956]
[180.382, -3.39848, 75.0961, -259.878, 245.437, -87.9674, 17.2696, -166.956]
[180.382, -3.3985, 75.0961, -259.878, 245.437, -87.9674, 17.2696, -166.956]
[180.382, -3.3985, 75.0962, -259.878, 245.437, -87.9674, 17.2696, -166.956]
[180.382, -3.3985, 75.0962, -259.878, 245.437, -87.9674, 17.2696, -166.956]
[180.382, -3.3985, 75.0962, -259.878, 245.437, -87.9674, 17.2696, -166.956]
[180.382, -3.3985, 75.0962, -259.878, 245.437, -87.9674, 17.2696, -166.956]
[180.382, -3.3985, 75.0962, -259.878, 245.437, -87.9674, 17.2696, -166.956]
[180.382, -3.3985, 75.0962, -259.878, 245.437, -87.9675, 17.2696, -166.956]
[180.382, -3.3985, 75.0962, -259.878, 245.437, -87.9675, 17.2696, -166.956]
[180.382, -3.3985, 75.0962, -259.878, 245.437, -87.9675, 17.2696, -166.956]
[180.382, -3.39849, 75.0962, -259.878, 245.437, -87.9675, 17.2696, -166.956]
[180.382, -3.39852, 75.0962, -259.878, 245.437, -87.9675, 17.2696, -166.956]
[180.382, -3.39852, 75.0962, -259.878, 245.437, -87.9675, 17.2696, -166.956]
[180.382, -3.39852, 75.0962, -259.878, 245.437, -87.9675, 17.2696, -166.956]
[180.382, -3.39852, 75.0962, -259.878, 245.437, -87.9675, 17.2696, -166.956]
[180.382, -3.39852, 75.0962, -259.878, 245.437, -87.9675, 17.2696, -166.956]
[180.382, -3.39852, 75.0962, -259.878, 245.437, -87.9675, 17.2696, -166.956]
[180.382, -3.39852, 75.0962, -259.878, 245.437, -87.9675, 17.2696, -166.956]
[180.382, -3.39852, 75.0962, -259.878, 245.437, -87.9675, 17.2696, -166.956]
[180.382, -3.39852, 75.0962, -259.878, 245.437, -87.9675, 17.2696, -166.956]
[180.382, -3.39852, 75.0962, -259.878, 245.437, -87.9675, 17.2696, -166.956]
[180.382, -3.39852, 75.0962, -259.878, 245.438, -87.9675, 17.2696, -166.956]
[180.382, -3.39852, 75.0962, -259.878, 245.438, -87.9675, 17.2696, -166.956]
[180.382, -3.39852, 75.0962, -259.878, 245.438, -87.9675, 17.2696, -166.956]
[180.382, -3.39852, 75.0962, -259.878, 245.438, -87.9675, 17.2696, -166.956]
[180.382, -3.39852, 75.0962, -259.878, 245.438, -87.9674, 17.2696, -166.956]
[180.382, -3.39852, 75.0962, -259.878, 245.438, -87.9674, 17.2696, -166.956]
[180.382, -3.39852, 75.0962, -259.878, 245.438, -87.9674, 17.2696, -166.956]
[180.382, -3.39852, 75.0962, -259.878, 245.438, -87.9674, 17.2696, -166.956]
[180.382, -3.39852, 75.0962, -259.878, 245.438, -87.9674, 17.2696, -166.956]
[180.382, -3.39852, 75.0962, -259.878, 245.438, -87.9674, 17.2696, -166.956]
[180.382, -3.39852, 75.0962, -259.878, 245.438, -87.9674, 17.2696, -166.956]
[180.382, -3.39852, 75.0962, -259.878, 245.438, -87.9674, 17.2696, -166.956]
[180.382, -3.39852, 75.0962, -259.878, 245.438, -87.9674, 17.2696, -166.956]
[180.382, -3.39852, 75.0962, -259.878, 245.438, -87.9675, 17.2696, -166.956]
[180.382, -3.39852, 75.0962, -259.878, 245.438, -87.9675, 17.2696, -166.956]
[180.382, -3.39852, 75.0962, -259.878, 245.438, -87.9675, 17.2696, -166.956]
[180.382, -3.39852, 75.0962, -259.878, 245.438, -87.9675, 17.2696, -166.956]
[180.382, -3.39853, 75.0962, -259.878, 245.438, -87.9675, 17.2696, -166.956]
[180.382, -3.39853, 75.0962, -259.878, 245.438, -87.9675, 17.2696, -166.956]
[180.382, -3.39853, 75.0962, -259.878, 245.438, -87.9675, 17.2696, -166.956]
[180.382, -3.39853, 75.0962, -259.878, 245.438, -87.9675, 17.2696, -166.956]
[180.382, -3.39853, 75.0962, -259.878, 245.438, -87.9675, 17.2696, -166.956]
[180.382, -3.39853, 75.0962, -259.878, 245.438, -87.9675, 17.2696, -166.956]
[180.382, -3.39853, 75.0962, -259.878, 245.438, -87.9675, 17.2696, -166.956]
[180.381, -3.39853, 75.0962, -259.878, 245.438, -87.9675, 17.2696, -166.956]
[180.381, -3.39853, 75.0962, -259.878, 245.438, -87.9675, 17.2696, -166.956]
[180.381, -3.39853, 75.0962, -259.878, 245.438, -87.9675, 17.2696, -166.956]
[180.381, -3.39853, 75.0962, -259.878, 245.438, -87.9675, 17.2696, -166.956]
[180.381, -3.39853, 75.0962, -259.878, 245.438, -87.9675, 17.2696, -166.956]
[180.381, -3.39853, 75.0962, -259.878, 245.438, -87.9675, 17.2696, -166.956]
[180.381, -3.39853, 75.0962, -259.878, 245.438, -87.9675, 17.2696, -166.956]
[180.381, -3.39853, 75.0962, -259.878, 245.438, -87.9675, 17.2696, -166.956]
[180.381, -3.39853, 75.0962, -259.878, 245.438, -87.9675, 17.2696, -166.956]
[180.382, -3.39853, 75.0962, -259.878, 245.438, -87.9675, 17.2696, -166.956]
[180.382, -3.39853, 75.0962, -259.878, 245.438, -87.9675, 17.2696, -166.956]
[180.382, -3.3986, 75.0962, -259.878, 245.438, -87.9675, 17.2696, -166.956]
[180.382, -3.3986, 75.0962, -259.878, 245.438, -87.9675, 17.2696, -166.956]
[180.382, -3.3986, 75.0962, -259.878, 245.438, -87.9675, 17.2696, -166.956]
[180.382, -3.3986, 75.0962, -259.878, 245.438, -87.9675, 17.2696, -166.956]
[180.382, -3.39859, 75.0962, -259.878, 245.438, -87.9675, 17.2696, -166.956]
[180.382, -3.39859, 75.0962, -259.878, 245.438, -87.9675, 17.2696, -166.956]
[180.382, -3.39859, 75.0962, -259.878, 245.438, -87.9675, 17.2696, -166.956]
[180.382, -3.39862, 75.0962, -259.878, 245.438, -87.9675, 17.2696, -166.956]
[180.382, -3.39862, 75.0962, -259.878, 245.438, -87.9675, 17.2696, -166.956]
[180.382, -3.39862, 75.0962, -259.878, 245.438, -87.9675, 17.2696, -166.956]
[180.382, -3.39862, 75.0961, -259.878, 245.438, -87.9675, 17.2696, -166.956]
[180.382, -3.39862, 75.0961, -259.878, 245.438, -87.9675, 17.2696, -166.956]
[180.382, -3.39862, 75.0961, -259.878, 245.438, -87.9675, 17.2696, -166.956]
[180.382, -3.39862, 75.0961, -259.878, 245.438, -87.9675, 17.2696, -166.956]
[180.382, -3.39862, 75.0961, -259.878, 245.438, -87.9675, 17.2696, -166.956]
[180.382, -3.39862, 75.0961, -259.878, 245.438, -87.9675, 17.2696, -166.956]
[180.382, -3.39862, 75.0961, -259.878, 245.438, -87.9675, 17.2696, -166.956]
[180.382, -3.39862, 75.0961, -259.878, 245.438, -87.9675, 17.2696, -166.956]
[180.382, -3.39862, 75.0961, -259.878, 245.438, -87.9675, 17.2696, -166.956]
[180.382, -3.39862, 75.0961, -259.878, 245.438, -87.9675, 17.2696, -166.956]
[180.382, -3.39862, 75.0961, -259.878, 245.438, -87.9675, 17.2696, -166.956]
[180.382, -3.39862, 75.0961, -259.878, 245.438, -87.9675, 17.2696, -166.956]
[180.382, -3.39862, 75.0961, -259.878, 245.438, -87.9675, 17.2696, -166.956]
[180.382, -3.39861, 75.0961, -259.878, 245.438, -87.9675, 17.2696, -166.956]
[180.382, -3.39861, 75.0961, -259.878, 245.438, -87.9675, 17.2696, -166.956]
[180.382, -3.39861, 75.0961, -259.878, 245.438, -87.9675, 17.2696, -166.956]
[180.382, -3.39861, 75.0961, -259.878, 245.438, -87.9675, 17.2696, -166.956]
[180.382, -3.39861, 75.0961, -259.878, 245.438, -87.9675, 17.2696, -166.956]
[180.382, -3.39862, 75.0961, -259.878, 245.438, -87.9675, 17.2696, -166.956]
[180.382, -3.39862, 75.0961, -259.878, 245.438, -87.9675, 17.2696, -166.956]
[180.381, -3.39862, 75.0961, -259.878, 245.438, -87.9675, 17.2696, -166.956]
[180.382, -3.39862, 75.0961, -259.878, 245.438, -87.9675, 17.2696, -166.956]
[180.382, -3.39862, 75.0961, -259.878, 245.438, -87.9675, 17.2696, -166.956]
[180.382, -3.39862, 75.0961, -259.878, 245.438, -87.9675, 17.2696, -166.956]
[180.382, -3.39862, 75.0961, -259.878, 245.438, -87.9675, 17.2696, -166.956]
[180.382, -3.39862, 75.0961, -259.878, 245.438, -87.9675, 17.2696, -166.956]
[180.382, -3.39862, 75.0961, -259.878, 245.438, -87.9675, 17.2696, -166.956]
[180.382, -3.39861, 75.0961, -259.878, 245.438, -87.9675, 17.2696, -166.956]
[180.382, -3.39861, 75.0961, -259.878, 245.438, -87.9675, 17.2696, -166.956]
[180.382, -3.39861, 75.0961, -259.878, 245.438, -87.9675, 17.2696, -166.956]
[180.382, -3.39862, 75.0961, -259.878, 245.438, -87.9675, 17.2696, -166.956]
[180.382, -3.39862, 75.0961, -259.878, 245.438, -87.9675, 17.2696, -166.956]
[180.382, -3.39862, 75.0961, -259.878, 245.438, -87.9675, 17.2696, -166.956]
[180.382, -3.39862, 75.0961, -259.878, 245.438, -87.9675, 17.2696, -166.956]
[180.382, -3.39862, 75.0961, -259.878, 245.438, -87.9675, 17.2696, -166.956]
[180.382, -3.39862, 75.0961, -259.878, 245.438, -87.9675, 17.2696, -166.956]
[180.382, -3.39862, 75.0961, -259.878, 245.438, -87.9675, 17.2696, -166.956]
[180.381, -3.39862, 75.0961, -259.878, 245.438, -87.9675, 17.2696, -166.956]
[180.381, -3.39862, 75.0961, -259.878, 245.438, -87.9675, 17.2696, -166.956]
[180.381, -3.39862, 75.0961, -259.878, 245.438, -87.9675, 17.2696, -166.956]
[180.381, -3.39862, 75.0961, -259.878, 245.438, -87.9675, 17.2696, -166.956]
[180.381, -3.39861, 75.0961, -259.878, 245.438, -87.9675, 17.2696, -166.956]
[180.381, -3.39861, 75.0961, -259.878, 245.438, -87.9675, 17.2696, -166.956]
[180.381, -3.39861, 75.0962, -259.878, 245.438, -87.9675, 17.2696, -166.956]
[180.381, -3.39861, 75.0962, -259.878, 245.438, -87.9675, 17.2696, -166.956]
[180.381, -3.39861, 75.0962, -259.878, 245.438, -87.9675, 17.2696, -166.956]
[180.381, -3.39861, 75.0962, -259.878, 245.438, -87.9675, 17.2696, -166.956]
[180.381, -3.39861, 75.0962, -259.878, 245.438, -87.9675, 17.2696, -166.956]
[180.381, -3.39861, 75.0962, -259.878, 245.438, -87.9675, 17.2696, -166.956]
[180.381, -3.39862, 75.0962, -259.878, 245.438, -87.9675, 17.2696, -166.956]
[180.381, -3.39862, 75.0962, -259.878, 245.438, -87.9676, 17.2696, -166.956]
[180.381, -3.39862, 75.0962, -259.878, 245.438, -87.9676, 17.2696, -166.956]
[180.381, -3.39862, 75.0962, -259.878, 245.438, -87.9676, 17.2696, -166.956]
[180.381, -3.39862, 75.0962, -259.878, 245.438, -87.9676, 17.2696, -166.956]
[180.381, -3.39862, 75.0962, -259.878, 245.438, -87.9676, 17.2696, -166.956]
[180.381, -3.39868, 75.0962, -259.878, 245.438, -87.9676, 17.2696, -166.956]
[180.381, -3.39869, 75.0962, -259.878, 245.438, -87.9676, 17.2696, -166.956]
[180.381, -3.39869, 75.0962, -259.878, 245.438, -87.9676, 17.2696, -166.956]
[180.381, -3.39869, 75.0962, -259.878, 245.438, -87.9676, 17.2696, -166.956]
[180.381, -3.39869, 75.0962, -259.878, 245.438, -87.9676, 17.2696, -166.956]
[180.381, -3.39869, 75.0962, -259.878, 245.438, -87.9676, 17.2696, -166.956]
[180.381, -3.39869, 75.0962, -259.878, 245.438, -87.9676, 17.2696, -166.956]
[180.381, -3.39869, 75.0962, -259.878, 245.438, -87.9676, 17.2696, -166.956]
[180.381, -3.39869, 75.0962, -259.878, 245.438, -87.9676, 17.2696, -166.956]
[180.381, -3.39869, 75.0962, -259.878, 245.438, -87.9676, 17.2696, -166.956]
[180.381, -3.39869, 75.0962, -259.878, 245.438, -87.9676, 17.2696, -166.956]
[180.381, -3.39869, 75.0962, -259.878, 245.438, -87.9676, 17.2696, -166.956]
[180.381, -3.39869, 75.0962, -259.878, 245.438, -87.9676, 17.2696, -166.956]
[180.381, -3.39869, 75.0962, -259.878, 245.438, -87.9676, 17.2696, -166.956]
[180.381, -3.39869, 75.0962, -259.878, 245.438, -87.9676, 17.2697, -166.956]
[180.381, -3.39869, 75.0962, -259.878, 245.438, -87.9676, 17.2697, -166.956]
[180.381, -3.39869, 75.0962, -259.878, 245.438, -87.9676, 17.2697, -166.956]
[180.381, -3.3987, 75.0962, -259.878, 245.438, -87.9676, 17.2697, -166.956]
[180.381, -3.3987, 75.0962, -259.878, 245.438, -87.9676, 17.2697, -166.956]
[180.381, -3.3987, 75.0962, -259.878, 245.438, -87.9676, 17.2697, -166.956]
[180.381, -3.3987, 75.0962, -259.878, 245.438, -87.9676, 17.2697, -166.956]
[180.381, -3.3987, 75.0962, -259.878, 245.438, -87.9676, 17.2697, -166.956]
[180.381, -3.3987, 75.0962, -259.878, 245.438, -87.9676, 17.2697, -166.956]
[180.381, -3.3987, 75.0962, -259.878, 245.438, -87.9676, 17.2697, -166.956]
[180.381, -3.3987, 75.0962, -259.878, 245.438, -87.9676, 17.2697, -166.956]
[180.381, -3.3987, 75.0962, -259.878, 245.438, -87.9676, 17.2697, -166.956]
[180.381, -3.3987, 75.0962, -259.878, 245.438, -87.9676, 17.2697, -166.956]
[180.381, -3.3987, 75.0962, -259.878, 245.438, -87.9676, 17.2697, -166.956]
[180.381, -3.3987, 75.0962, -259.878, 245.438, -87.9676, 17.2697, -166.956]
[180.381, -3.39873, 75.0962, -259.878, 245.438, -87.9676, 17.2697, -166.956]
[180.381, -3.39872, 75.0962, -259.878, 245.438, -87.9676, 17.2697, -166.956]
[180.381, -3.39873, 75.0962, -259.878, 245.438, -87.9676, 17.2697, -166.956]
[180.381, -3.39873, 75.0962, -259.878, 245.438, -87.9676, 17.2697, -166.956]
[180.381, -3.39873, 75.0962, -259.878, 245.438, -87.9676, 17.2697, -166.956]
[180.381, -3.39873, 75.0962, -259.878, 245.438, -87.9676, 17.2697, -166.956]
[180.381, -3.39873, 75.0962, -259.878, 245.438, -87.9676, 17.2697, -166.956]
[180.381, -3.39873, 75.0962, -259.878, 245.438, -87.9676, 17.2697, -166.956]
[180.381, -3.39873, 75.0962, -259.878, 245.438, -87.9676, 17.2697, -166.956]
[180.381, -3.39873, 75.0962, -259.878, 245.438, -87.9676, 17.2697, -166.956]
[180.381, -3.39873, 75.0962, -259.878, 245.438, -87.9676, 17.2697, -166.956]
[180.381, -3.39873, 75.0962, -259.878, 245.438, -87.9676, 17.2697, -166.956]
[180.381, -3.39873, 75.0962, -259.878, 245.438, -87.9676, 17.2698, -166.956]
[180.381, -3.39873, 75.0962, -259.878, 245.438, -87.9676, 17.2698, -166.956]
[180.381, -3.39873, 75.0962, -259.878, 245.438, -87.9676, 17.2698, -166.956]
[180.381, -3.39873, 75.0962, -259.878, 245.438, -87.9676, 17.2697, -166.956]
[180.381, -3.39873, 75.0962, -259.878, 245.438, -87.9676, 17.2697, -166.956]
[180.381, -3.39874, 75.0962, -259.878, 245.438, -87.9676, 17.2697, -166.956]
[180.381, -3.39867, 75.0962, -259.878, 245.438, -87.9676, 17.2697, -166.956]
[180.381, -3.39867, 75.0962, -259.878, 245.438, -87.9676, 17.2697, -166.956]
[180.381, -3.39867, 75.0962, -259.878, 245.438, -87.9676, 17.2698, -166.956]
[180.381, -3.39867, 75.0962, -259.878, 245.438, -87.9676, 17.2698, -166.956]
[180.381, -3.39867, 75.0962, -259.878, 245.438, -87.9676, 17.2698, -166.956]
[180.381, -3.39867, 75.0962, -259.878, 245.438, -87.9676, 17.2698, -166.956]
[180.381, -3.39867, 75.0962, -259.878, 245.438, -87.9676, 17.2698, -166.956]
[180.381, -3.39867, 75.0962, -259.878, 245.438, -87.9676, 17.2698, -166.956]
[180.381, -3.39867, 75.0962, -259.878, 245.438, -87.9676, 17.2698, -166.956]
[180.381, -3.39867, 75.0962, -259.878, 245.438, -87.9676, 17.2698, -166.956]
[180.381, -3.39867, 75.0962, -259.878, 245.438, -87.9676, 17.2698, -166.956]
[180.381, -3.39867, 75.0962, -259.878, 245.438, -87.9676, 17.2698, -166.956]
[180.381, -3.39867, 75.0962, -259.878, 245.438, -87.9676, 17.2698, -166.956]
[180.381, -3.39868, 75.0962, -259.878, 245.438, -87.9676, 17.2698, -166.956]
[180.381, -3.39868, 75.0962, -259.878, 245.438, -87.9676, 17.2698, -166.956]
[180.381, -3.39868, 75.0962, -259.878, 245.438, -87.9676, 17.2698, -166.956]
[180.381, -3.39868, 75.0962, -259.878, 245.438, -87.9676, 17.2698, -166.956]
[180.381, -3.39868, 75.0962, -259.878, 245.438, -87.9676, 17.2698, -166.956]
[180.381, -3.39863, 75.0962, -259.878, 245.438, -87.9676, 17.2698, -166.956]
[180.381, -3.39863, 75.0962, -259.878, 245.438, -87.9676, 17.2698, -166.956]
[180.381, -3.39863, 75.0962, -259.878, 245.438, -87.9676, 17.2698, -166.956]
[180.381, -3.39863, 75.0962, -259.878, 245.438, -87.9676, 17.2698, -166.956]
[180.381, -3.39863, 75.0962, -259.878, 245.438, -87.9676, 17.2698, -166.956]
[180.381, -3.39863, 75.0962, -259.878, 245.438, -87.9676, 17.2698, -166.956]
[180.381, -3.39857, 75.0962, -259.878, 245.438, -87.9676, 17.2698, -166.956]
[180.381, -3.39857, 75.0962, -259.878, 245.438, -87.9676, 17.2698, -166.956]
[180.381, -3.39857, 75.0962, -259.878, 245.438, -87.9676, 17.2698, -166.956]
[180.381, -3.39857, 75.0962, -259.878, 245.438, -87.9676, 17.2698, -166.956]
[180.381, -3.39856, 75.0962, -259.878, 245.438, -87.9676, 17.2698, -166.956]
[180.381, -3.39856, 75.0962, -259.878, 245.438, -87.9676, 17.2698, -166.956]
[180.381, -3.39856, 75.0962, -259.878, 245.438, -87.9676, 17.2698, -166.956]
[180.381, -3.39856, 75.0962, -259.878, 245.438, -87.9676, 17.2698, -166.956]
[180.381, -3.39857, 75.0962, -259.878, 245.438, -87.9676, 17.2698, -166.956]
[180.381, -3.39857, 75.0962, -259.878, 245.438, -87.9676, 17.2698, -166.956]
[180.381, -3.39857, 75.0962, -259.878, 245.438, -87.9676, 17.2698, -166.956]
[180.381, -3.39856, 75.0962, -259.878, 245.438, -87.9676, 17.2698, -166.956]
[180.381, -3.39856, 75.0962, -259.878, 245.438, -87.9676, 17.2698, -166.956]
[180.381, -3.39856, 75.0962, -259.878, 245.438, -87.9676, 17.2698, -166.956]
[180.381, -3.39856, 75.0962, -259.878, 245.438, -87.9676, 17.2698, -166.956]
[180.381, -3.39856, 75.0962, -259.878, 245.438, -87.9676, 17.2698, -166.956]
[180.381, -3.39856, 75.0962, -259.878, 245.438, -87.9676, 17.2698, -166.956]
[180.381, -3.39856, 75.0962, -259.878, 245.438, -87.9676, 17.2698, -166.956]
[180.381, -3.39857, 75.0962, -259.878, 245.438, -87.9676, 17.2698, -166.956]
[180.381, -3.39857, 75.0962, -259.878, 245.438, -87.9676, 17.2698, -166.956]
[180.381, -3.39859, 75.0962, -259.878, 245.438, -87.9676, 17.2698, -166.956]
[180.381, -3.39859, 75.0962, -259.878, 245.438, -87.9676, 17.2698, -166.956]
[180.381, -3.39859, 75.0962, -259.878, 245.438, -87.9676, 17.2698, -166.956]
[180.381, -3.39859, 75.0962, -259.878, 245.438, -87.9676, 17.2698, -166.956]
[180.381, -3.39854, 75.0962, -259.878, 245.438, -87.9676, 17.2698, -166.956]
[180.381, -3.39854, 75.0962, -259.878, 245.438, -87.9676, 17.2698, -166.956]
[180.381, -3.39854, 75.0962, -259.878, 245.438, -87.9676, 17.2698, -166.956]
[180.381, -3.39854, 75.0962, -259.878, 245.438, -87.9676, 17.2698, -166.956]
[180.381, -3.39854, 75.0962, -259.878, 245.438, -87.9676, 17.2698, -166.956]
[180.381, -3.39854, 75.0962, -259.878, 245.438, -87.9676, 17.2698, -166.956]
[180.381, -3.39852, 75.0962, -259.878, 245.438, -87.9677, 17.2698, -166.956]
[180.381, -3.39852, 75.0962, -259.878, 245.438, -87.9677, 17.2699, -166.956]
[180.381, -3.39852, 75.0962, -259.878, 245.438, -87.9677, 17.2699, -166.956]
[180.381, -3.39852, 75.0962, -259.878, 245.438, -87.9676, 17.2698, -166.956]
[180.381, -3.39854, 75.0962, -259.878, 245.438, -87.9676, 17.2698, -166.956]
[180.381, -3.39854, 75.0962, -259.878, 245.438, -87.9676, 17.2698, -166.956]
[180.381, -3.39854, 75.0962, -259.878, 245.438, -87.9676, 17.2698, -166.956]
[180.381, -3.39854, 75.0962, -259.878, 245.438, -87.9676, 17.2698, -166.956]
[180.381, -3.39854, 75.0962, -259.878, 245.438, -87.9676, 17.2698, -166.956]
[180.381, -3.39855, 75.0962, -259.878, 245.438, -87.9676, 17.2698, -166.956]
[180.381, -3.39855, 75.0962, -259.878, 245.438, -87.9676, 17.2698, -166.956]
[180.381, -3.39855, 75.0961, -259.878, 245.438, -87.9676, 17.2698, -166.956]
[180.381, -3.39855, 75.0961, -259.878, 245.438, -87.9676, 17.2698, -166.956]
[180.381, -3.3985, 75.0961, -259.878, 245.438, -87.9676, 17.2698, -166.956]
[180.381, -3.3985, 75.0961, -259.878, 245.438, -87.9676, 17.2698, -166.956]
[180.381, -3.3985, 75.0961, -259.878, 245.438, -87.9676, 17.2698, -166.956]
[180.381, -3.39855, 75.0961, -259.878, 245.438, -87.9676, 17.2698, -166.956]
[180.381, -3.39855, 75.0961, -259.878, 245.438, -87.9676, 17.2698, -166.956]
[180.381, -3.39855, 75.0961, -259.878, 245.438, -87.9676, 17.2698, -166.956]
[180.381, -3.39855, 75.0961, -259.878, 245.438, -87.9676, 17.2698, -166.956]
[180.381, -3.39855, 75.0961, -259.878, 245.438, -87.9676, 17.2698, -166.956]
[180.381, -3.39855, 75.0961, -259.878, 245.438, -87.9676, 17.2699, -166.956]
[180.381, -3.39855, 75.0961, -259.878, 245.438, -87.9676, 17.2699, -166.956]
[180.381, -3.39855, 75.0961, -259.878, 245.438, -87.9676, 17.2699, -166.956]
[180.381, -3.39855, 75.0961, -259.878, 245.438, -87.9676, 17.2699, -166.956]
[180.381, -3.39857, 75.0961, -259.878, 245.438, -87.9676, 17.2699, -166.956]
[180.381, -3.39857, 75.0961, -259.878, 245.438, -87.9676, 17.2699, -166.956]
[180.381, -3.39857, 75.0961, -259.878, 245.438, -87.9676, 17.2699, -166.956]
[180.381, -3.39857, 75.0961, -259.878, 245.438, -87.9676, 17.2699, -166.956]
[180.381, -3.39855, 75.0961, -259.878, 245.438, -87.9676, 17.2699, -166.956]
[180.381, -3.39855, 75.0961, -259.878, 245.438, -87.9676, 17.2699, -166.956]
[180.381, -3.39853, 75.0961, -259.878, 245.438, -87.9677, 17.2699, -166.956]
[180.381, -3.39853, 75.0961, -259.878, 245.438, -87.9677, 17.2699, -166.956]
[180.381, -3.39853, 75.0962, -259.878, 245.438, -87.9677, 17.2699, -166.956]
[180.381, -3.39853, 75.0962, -259.878, 245.438, -87.9677, 17.2699, -166.956]
[180.381, -3.39853, 75.0962, -259.878, 245.438, -87.9677, 17.2699, -166.956]
[180.381, -3.39853, 75.0962, -259.878, 245.438, -87.9677, 17.2699, -166.956]
[180.381, -3.39853, 75.0962, -259.878, 245.438, -87.9677, 17.2699, -166.956]
[180.381, -3.39853, 75.0962, -259.878, 245.438, -87.9677, 17.2699, -166.956]
[180.381, -3.39853, 75.0962, -259.878, 245.438, -87.9677, 17.2699, -166.956]
[180.381, -3.39853, 75.0962, -259.878, 245.438, -87.9677, 17.2699, -166.956]
[180.381, -3.39853, 75.0962, -259.878, 245.438, -87.9677, 17.2699, -166.956]
[180.381, -3.39853, 75.0962, -259.878, 245.438, -87.9677, 17.2699, -166.956]
[180.381, -3.39851, 75.0962, -259.878, 245.438, -87.9677, 17.2699, -166.956]
[180.381, -3.39851, 75.0962, -259.878, 245.438, -87.9677, 17.2699, -166.956]
[180.381, -3.39851, 75.0962, -259.878, 245.438, -87.9677, 17.2699, -166.956]
[180.381, -3.39851, 75.0962, -259.878, 245.438, -87.9677, 17.2699, -166.956]
[180.381, -3.39851, 75.0962, -259.878, 245.438, -87.9677, 17.2699, -166.956]
[180.381, -3.39851, 75.0962, -259.878, 245.438, -87.9677, 17.2699, -166.956]
[180.381, -3.39851, 75.0962, -259.878, 245.438, -87.9677, 17.2699, -166.956]
[180.381, -3.3985, 75.0962, -259.878, 245.438, -87.9677, 17.2699, -166.956]
[180.381, -3.3985, 75.0962, -259.878, 245.438, -87.9677, 17.2699, -166.956]
[180.381, -3.3985, 75.0962, -259.878, 245.438, -87.9677, 17.2699, -166.956]
[180.381, -3.39848, 75.0962, -259.878, 245.438, -87.9678, 17.2699, -166.956]
[180.381, -3.39848, 75.0962, -259.878, 245.438, -87.9677, 17.2699, -166.956]
[180.381, -3.39849, 75.0962, -259.878, 245.438, -87.9677, 17.2699, -166.956]
[180.381, -3.39849, 75.0962, -259.878, 245.438, -87.9677, 17.2699, -166.956]
[180.381, -3.39849, 75.0962, -259.878, 245.438, -87.9677, 17.2699, -166.956]
[180.381, -3.39849, 75.0961, -259.878, 245.438, -87.9677, 17.2699, -166.956]
[180.381, -3.39849, 75.0961, -259.878, 245.438, -87.9677, 17.2699, -166.956]
[180.381, -3.39847, 75.0961, -259.878, 245.438, -87.9678, 17.2699, -166.956]
[180.381, -3.39849, 75.0962, -259.878, 245.438, -87.9678, 17.2699, -166.956]
[180.381, -3.39842, 75.0962, -259.878, 245.438, -87.9678, 17.2699, -166.956]
[180.381, -3.39842, 75.0962, -259.878, 245.438, -87.9678, 17.2699, -166.956]
[180.381, -3.39842, 75.0962, -259.878, 245.438, -87.9678, 17.2699, -166.956]
[180.381, -3.39842, 75.0962, -259.878, 245.438, -87.9678, 17.2699, -166.956]
[180.381, -3.39842, 75.0962, -259.878, 245.438, -87.9678, 17.2699, -166.956]
[180.381, -3.39842, 75.0962, -259.878, 245.438, -87.9678, 17.2699, -166.956]
[180.381, -3.39842, 75.0962, -259.878, 245.438, -87.9678, 17.2699, -166.956]
[180.381, -3.39842, 75.0962, -259.878, 245.438, -87.9678, 17.2699, -166.956]
[180.381, -3.39842, 75.0962, -259.878, 245.438, -87.9678, 17.2699, -166.956]
[180.381, -3.39842, 75.0962, -259.878, 245.438, -87.9678, 17.2699, -166.956]
[180.381, -3.39842, 75.0962, -259.878, 245.438, -87.9678, 17.2699, -166.956]
[180.381, -3.3984, 75.0962, -259.878, 245.438, -87.9678, 17.2699, -166.956]
[180.381, -3.39838, 75.0962, -259.878, 245.438, -87.9678, 17.2699, -166.956]
[180.381, -3.39838, 75.0962, -259.878, 245.438, -87.9678, 17.2699, -166.956]
[180.381, -3.39838, 75.0962, -259.878, 245.438, -87.9678, 17.2699, -166.956]
[180.381, -3.39838, 75.0962, -259.878, 245.438, -87.9679, 17.2699, -166.956]
[180.381, -3.39838, 75.0962, -259.878, 245.438, -87.9679, 17.2699, -166.956]
[180.381, -3.39838, 75.0962, -259.878, 245.438, -87.9679, 17.2699, -166.956]
[180.381, -3.39838, 75.0962, -259.878, 245.438, -87.9679, 17.2699, -166.956]
[180.381, -3.39838, 75.0962, -259.878, 245.438, -87.9679, 17.2699, -166.956]
[180.381, -3.39837, 75.0962, -259.878, 245.438, -87.9679, 17.2699, -166.956]
[180.381, -3.39837, 75.0962, -259.878, 245.438, -87.9679, 17.2699, -166.956]
[180.381, -3.39837, 75.0962, -259.878, 245.438, -87.9679, 17.2699, -166.956]
[180.381, -3.39837, 75.0962, -259.878, 245.438, -87.9679, 17.2699, -166.956]
[180.381, -3.39837, 75.0962, -259.878, 245.438, -87.9679, 17.2699, -166.956]
[180.381, -3.39837, 75.0962, -259.878, 245.438, -87.9679, 17.2699, -166.956]
[180.381, -3.39837, 75.0962, -259.878, 245.438, -87.9679, 17.2699, -166.956]
[180.381, -3.39837, 75.0962, -259.878, 245.438, -87.9679, 17.2699, -166.956]
[180.381, -3.39837, 75.0962, -259.878, 245.438, -87.9679, 17.2699, -166.956]
[180.381, -3.39837, 75.0962, -259.878, 245.438, -87.9679, 17.2699, -166.956]
[180.381, -3.39837, 75.0962, -259.878, 245.438, -87.9679, 17.2699, -166.956]
[180.381, -3.39837, 75.0962, -259.878, 245.438, -87.9679, 17.2699, -166.956]
[180.381, -3.39837, 75.0962, -259.878, 245.438, -87.9679, 17.2699, -166.956]
[180.381, -3.39838, 75.0962, -259.878, 245.438, -87.9679, 17.2699, -166.956]
[180.381, -3.39838, 75.0962, -259.878, 245.438, -87.9679, 17.2699, -166.956]
[180.381, -3.39838, 75.0962, -259.878, 245.438, -87.9679, 17.2699, -166.956]
[180.381, -3.39838, 75.0962, -259.878, 245.438, -87.9679, 17.2699, -166.956]
[180.381, -3.39838, 75.0962, -259.878, 245.438, -87.9679, 17.2699, -166.956]
[180.381, -3.39838, 75.0962, -259.878, 245.438, -87.9679, 17.2699, -166.956]
