[-18.0641, 52.3636, -12.9012, -25.0434]
[-13.4768, 52.3636, -17.4884, -25.0434]
[-9.09462, 52.3636, -21.8706, -25.0434]
[-13.9223, 52.3636, -21.8706, -20.2157]
[-13.9223, 55.2803, -21.8706, -23.1324]
[-18.5718, 55.2803, -17.2211, -23.1324]
[-18.5718, 55.2803, -21.8251, -18.5284]
[-23.1164, 55.2803, -17.2805, -18.5284]
[-16.9762, 49.1402, -17.2805, -18.5284]
[-11.0777, 43.2416, -17.2805, -18.5284]
[-6.77231, 43.2416, -17.2805, -22.8338]
[-11.4789, 43.2416, -12.5739, -22.8338]
[-11.4789, 46.4969, -15.8292, -22.8338]
[-16.2044, 46.4969, -15.8292, -18.1083]
[-19.3185, 49.611, -15.8292, -18.1083]
[-23.7123, 49.611, -11.4354, -18.1083]
[-26.6144, 52.5131, -11.4354, -18.1083]
[-21.8038, 52.5131, -16.246, -18.1083]
[-26.1931, 52.5131, -16.246, -13.719]
[-28.9907, 55.3107, -16.246, -13.719]
[-28.9907, 55.3107, -11.7176, -18.2474]
[-33.2226, 55.3107, -11.7176, -14.0155]
[-28.2717, 55.3107, -16.6685, -14.0155]
[-28.2717, 49.2955, -10.6533, -14.0155]
[-23.4069, 49.2955, -15.518, -14.0155]
[-23.4069, 49.2955, -19.9563, -9.57726]
[-23.4069, 52.278, -22.9388, -9.57726]
[-18.9246, 52.278, -27.4211, -9.57726]
[-18.9246, 55.0565, -30.1997, -9.57726]
[-14.7046, 55.0565, -34.4197, -9.57726]
[-17.6769, 58.0289, -34.4197, -9.57726]
[-22.5223, 58.0289, -29.5744, -9.57726]
[-18.208, 58.0289, -33.8886, -9.57726]
[-18.208, 51.6352, -27.495, -9.57726]
[-22.8874, 51.6352, -22.8156, -9.57726]
[-22.8874, 54.5153, -25.6957, -9.57726]
[-22.8874, 57.284, -28.4644, -9.57726]
[-16.7132, 51.1098, -28.4644, -9.57726]
[-12.5038, 51.1098, -32.6738, -9.57726]
[-6.65566, 45.2617, -32.6738, -9.57726]
[-6.65566, 48.0741, -35.4862, -9.57726]
[-9.93346, 51.3519, -35.4862, -9.57726]
[-4.13264, 45.5511, -35.4862, -9.57726]
[-7.5159, 48.9344, -35.4862, -9.57726]
[-7.5159, 42.6796, -29.2315, -9.57726]
[-7.5159, 42.6796, -24.3215, -14.4872]
[-3.41892, 42.6796, -28.4185, -14.4872]
[-3.41892, 45.6255, -31.3644, -14.4872]
[-3.41892, 45.6255, -35.4598, -10.3918]
[-3.41892, 39.4338, -29.2682, -10.3918]
[-6.94702, 42.9619, -29.2682, -10.3918]
[-6.94702, 45.8855, -32.1917, -10.3918]
[-1.3206, 40.2591, -32.1917, -10.3918]
[-1.3206, 43.1783, -35.111, -10.3918]
[-1.3206, 37.5365, -35.111, -4.74997]
[2.40284, 37.5365, -38.8344, -4.74997]
[2.40284, 31.4355, -32.7334, -4.74997]
[6.09706, 31.4355, -36.4276, -4.74997]
[6.09706, 31.4355, -40.197, -0.980534]
[2.18874, 35.3438, -40.197, -0.980534]
[6.58975, 35.3438, -40.197, -5.38154]
[6.58975, 35.3438, -43.8982, -1.68036]
[11.7001, 30.2334, -43.8982, -1.68036]
[15.8733, 30.2334, -43.8982, -5.85349]
[15.8733, 24.9633, -43.8982, -0.583391]
[15.8733, 24.9633, -38.4727, -6.00888]
[20.5482, 20.2884, -38.4727, -6.00888]
[16.0706, 24.766, -38.4727, -6.00888]
[16.0706, 28.5552, -38.4727, -9.79801]
[16.0706, 28.5552, -33.3641, -14.9067]
[19.8553, 28.5552, -33.3641, -18.6914]
[24.5215, 23.8889, -33.3641, -18.6914]
[28.9793, 19.4312, -33.3641, -18.6914]
[24.2941, 24.1164, -33.3641, -18.6914]
[19.8182, 28.5922, -33.3641, -18.6914]
[15.5424, 32.868, -33.3641, -18.6914]
[11.457, 36.9535, -33.3641, -18.6914]
[7.55214, 40.8583, -33.3641, -18.6914]
[11.4406, 40.8583, -33.3641, -22.5798]
[6.21528, 40.8583, -33.3641, -17.3545]
[6.21528, 40.8583, -28.535, -22.1836]
[6.21528, 43.9655, -28.535, -25.2908]
[6.21528, 46.9479, -28.535, -28.2732]
[6.21528, 49.8078, -31.395, -28.2732]
[6.21528, 43.6139, -25.2011, -28.2732]
[6.21528, 37.6005, -25.2011, -22.2598]
[6.21528, 40.7126, -28.3131, -22.2598]
[2.5072, 44.4207, -28.3131, -22.2598]
[-1.04099, 47.9689, -28.3131, -22.2598]
[-1.04099, 50.8133, -31.1575, -22.2598]
[-1.04099, 44.7766, -31.1575, -16.2231]
[-4.50595, 48.2415, -31.1575, -16.2231]
[-7.82502, 51.5606, -31.1575, -16.2231]
[-11.0068, 54.7423, -31.1575, -16.2231]
[-14.0593, 57.7949, -31.1575, -16.2231]
[-14.0593, 60.6834, -31.1575, -19.1116]
[-14.0593, 63.2349, -33.709, -19.1116]
[-14.0593, 65.6943, -36.1685, -19.1116]
[-14.0593, 59.1233, -29.5975, -19.1116]
[-14.0593, 61.7321, -32.2062, -19.1116]
[-14.0593, 64.2455, -34.7196, -19.1116]
[-14.0593, 66.6691, -37.1432, -19.1116]
[-16.8181, 69.4279, -37.1432, -19.1116]
[-16.8181, 72.04, -37.1432, -21.7237]
[-12.7992, 72.04, -41.1622, -21.7237]
[-6.53652, 65.7774, -41.1622, -21.7237]
[-6.53652, 59.1189, -34.5037, -21.7237]
[-6.53652, 61.6381, -37.0229, -21.7237]
[-0.596744, 55.6983, -37.0229, -21.7237]
[-0.596744, 58.2337, -39.5583, -21.7237]
[-0.596744, 60.6781, -42.0027, -21.7237]
[-0.596744, 63.0366, -44.3612, -21.7237]
[-0.596744, 56.3704, -37.6949, -21.7237]
[-0.596744, 58.8815, -40.2061, -21.7237]
[-0.596744, 61.3029, -42.6275, -21.7237]
[-3.72713, 64.4333, -42.6275, -21.7237]
[-6.73136, 67.4375, -42.6275, -21.7237]
[-6.73136, 60.7263, -35.9163, -21.7237]
[-2.90746, 60.7263, -39.7402, -21.7237]
[-2.90746, 63.1235, -42.1373, -21.7237]
[-5.95432, 66.1703, -42.1373, -21.7237]
[-8.87998, 69.096, -42.1373, -21.7237]
[-8.87998, 71.309, -44.3503, -21.7237]
[-8.87998, 73.4491, -46.4904, -21.7237]
[-8.87998, 75.5203, -48.5616, -21.7237]
[-11.5693, 78.2096, -48.5616, -21.7237]
[-11.5693, 80.1741, -50.5261, -21.7237]
[-11.5693, 82.079, -52.431, -21.7237]
[-11.5693, 83.9274, -54.2795, -21.7237]
[-11.5693, 85.7222, -56.0743, -21.7237]
[-11.5693, 87.4661, -57.8181, -21.7237]
[-11.5693, 89.1615, -59.5135, -21.7237]
[-11.5693, 90.8108, -61.1628, -21.7237]
[-11.5693, 92.4162, -62.7682, -21.7237]
[-11.5693, 93.9797, -64.3318, -21.7237]
[-11.5693, 95.5033, -65.8554, -21.7237]
[-11.5693, 97.618, -65.8554, -23.8384]
[-11.5693, 99.0775, -67.3148, -23.8384]
[-11.5693, 100.502, -68.739, -23.8384]
[-11.5693, 101.892, -70.1294, -23.8384]
[-11.5693, 103.25, -71.4874, -23.8384]
[-11.5693, 104.577, -72.8145, -23.8384]
[-13.7015, 106.709, -72.8145, -23.8384]
[-15.7652, 108.773, -72.8145, -23.8384]
[-21.4791, 108.773, -67.1006, -23.8384]
[-26.9537, 108.773, -61.626, -23.8384]
[-26.9537, 101.206, -54.0591, -23.8384]
[-26.9537, 93.825, -46.6779, -23.8384]
[-26.9537, 86.6433, -39.4962, -23.8384]
[-26.9537, 88.6175, -41.4704, -23.8384]
[-26.9537, 90.8102, -41.4704, -26.0311]
[-26.9537, 92.6915, -43.3517, -26.0311]
[-26.9537, 94.5176, -45.1778, -26.0311]
[-26.9537, 96.2911, -46.9513, -26.0311]
[-26.9537, 98.0148, -48.675, -26.0311]
[-26.9537, 99.691, -50.3511, -26.0311]
[-26.9537, 101.322, -51.9821, -26.0311]
[-26.9537, 102.91, -53.5701, -26.0311]
[-22.4612, 102.91, -53.5701, -30.5236]
[-24.4473, 104.896, -53.5701, -30.5236]
[-24.4473, 106.418, -55.0918, -30.5236]
[-24.4473, 106.418, -59.017, -26.5983]
[-24.4473, 107.853, -60.4527, -26.5983]
[-24.4473, 109.255, -61.8541, -26.5983]
[-24.4473, 110.623, -63.2227, -26.5983]
[-24.4473, 111.96, -64.5599, -26.5983]
[-17.3243, 104.837, -64.5599, -26.5983]
[-17.3243, 106.226, -65.9484, -26.5983]
[-17.3243, 107.582, -67.3047, -26.5983]
[-17.3243, 99.9639, -59.6863, -26.5983]
[-19.438, 102.078, -59.6863, -26.5983]
[-21.4842, 104.124, -59.6863, -26.5983]
[-21.4842, 105.579, -61.1417, -26.5983]
[-21.4842, 106.999, -62.5619, -26.5983]
[-21.4842, 99.4424, -55.0048, -26.5983]
[-21.4842, 101.015, -56.5779, -26.5983]
[-21.4842, 102.548, -58.1106, -26.5983]
[-21.4842, 104.042, -59.6048, -26.5983]
[-21.4842, 105.5, -61.0621, -26.5983]
[-21.4842, 106.922, -62.4843, -26.5983]
[-21.4842, 108.31, -63.8727, -26.5983]
[-17.9462, 108.31, -67.4107, -26.5983]
[-17.9462, 110.153, -67.4107, -28.4409]
[-17.9462, 102.998, -67.4107, -21.2864]
[-17.9462, 104.375, -68.7874, -21.2864]
[-17.9462, 104.375, -63.273, -26.8008]
[-17.9462, 105.784, -64.6822, -26.8008]
[-17.9462, 107.16, -66.0583, -26.8008]
[-17.9462, 108.505, -67.4026, -26.8008]
[-13.6722, 108.505, -67.4026, -31.0749]
[-15.708, 110.54, -67.4026, -31.0749]
[-15.708, 111.832, -68.6938, -31.0749]
[-15.708, 113.095, -69.9568, -31.0749]
[-15.708, 114.33, -71.1926, -31.0749]
[-15.708, 116.024, -71.1926, -32.7686]
[-15.708, 108.273, -63.441, -32.7686]
[-15.708, 110.027, -63.441, -34.5231]
[-11.6556, 110.027, -63.441, -38.5755]
[-4.7555, 103.127, -63.441, -38.5755]
[1.91895, 96.4525, -63.441, -38.5755]
[-0.58372, 98.9552, -63.441, -38.5755]
[2.52721, 98.9552, -66.5519, -38.5755]
[0.0585476, 101.424, -66.5519, -38.5755]
[-2.32286, 103.805, -66.5519, -38.5755]
[4.32175, 97.1607, -66.5519, -38.5755]
[1.78843, 99.694, -66.5519, -38.5755]
[1.78843, 101.12, -67.9778, -38.5755]
[1.78843, 102.512, -69.3699, -38.5755]
[1.78843, 104.266, -69.3699, -40.3293]
[1.78843, 105.605, -70.7095, -40.3293]
[1.78843, 105.605, -65.5635, -45.4753]
[1.78843, 107.223, -65.5635, -47.0925]
[1.78843, 107.223, -60.6798, -51.9762]
[1.78843, 107.223, -64.9572, -47.6988]
[1.78843, 107.223, -60.1004, -52.5556]
[-4.02469, 107.223, -54.2873, -52.5556]
[-9.59731, 107.223, -48.7147, -52.5556]
[-11.7186, 109.344, -48.7147, -52.5556]
[-11.7186, 110.871, -50.2415, -52.5556]
[-11.7186, 112.359, -51.73, -52.5556]
[-11.7186, 113.811, -53.182, -52.5556]
[-11.7186, 115.228, -54.599, -52.5556]
[-11.7186, 116.612, -55.9825, -52.5556]
[-17.0911, 116.612, -55.9825, -47.1831]
[-13.287, 116.612, -55.9825, -50.9872]
[-13.287, 118.021, -55.9825, -52.397]
[-13.287, 119.357, -57.3178, -52.397]
[-13.287, 111.774, -57.3178, -44.8144]
[-13.287, 113.32, -57.3178, -46.3599]
[-13.287, 114.694, -58.6919, -46.3599]
[-13.287, 107.092, -51.0906, -46.3599]
[-9.65047, 107.092, -54.7271, -46.3599]
[-9.65047, 99.6285, -47.2632, -46.3599]
[-5.99031, 99.6285, -47.2632, -50.02]
[-2.48733, 99.6285, -47.2632, -53.523]
[-2.48733, 99.6285, -42.9312, -57.855]
[-2.48733, 101.163, -42.9312, -59.3891]
[0.745503, 101.163, -42.9312, -62.6219]
[7.29121, 94.6169, -42.9312, -62.6219]
[7.29121, 87.4774, -35.7918, -62.6219]
[7.29121, 87.4774, -31.9162, -66.4974]
[7.29121, 89.0566, -31.9162, -68.0766]
[7.29121, 90.5952, -31.9162, -69.6152]
[1.17981, 90.5952, -31.9162, -63.5038]
[1.17981, 90.5952, -28.1448, -67.2752]
[1.17981, 92.1244, -28.1448, -68.8044]
[1.17981, 92.1244, -24.5698, -72.3794]
[1.17981, 92.1244, -30.0907, -66.8585]
[1.17981, 85.2159, -23.1822, -66.8585]
[1.17981, 85.2159, -28.6154, -61.4253]
[4.29586, 85.2159, -28.6154, -64.5413]
[4.29586, 77.907, -28.6154, -57.2324]
[4.29586, 79.7462, -28.6154, -59.0716]
[10.379, 73.663, -28.6154, -59.0716]
[10.379, 67.0848, -22.0372, -59.0716]
[10.379, 69.6861, -24.6385, -59.0716]
[10.379, 72.1926, -27.145, -59.0716]
[10.379, 74.6096, -29.562, -59.0716]
[5.02578, 74.6096, -24.2087, -59.0716]
[2.04989, 77.5855, -24.2087, -59.0716]
[-0.809022, 80.4444, -24.2087, -59.0716]
[3.14201, 80.4444, -28.1598, -59.0716]
[6.91965, 80.4444, -31.9374, -59.0716]
[10.5335, 80.4444, -35.5512, -59.0716]
[10.5335, 82.579, -37.6859, -59.0716]
[4.56521, 82.579, -37.6859, -53.1034]
[-0.837548, 82.579, -32.2831, -53.1034]
[-0.837548, 82.579, -28.2751, -57.1114]
[5.39833, 76.3431, -28.2751, -57.1114]
[5.39833, 78.6681, -30.6001, -57.1114]
[5.39833, 80.914, -32.846, -57.1114]
[5.39833, 80.914, -37.8578, -52.0996]
[5.39833, 80.914, -33.7038, -56.2536]
[5.39833, 80.914, -29.734, -60.2234]
[2.53903, 83.7733, -29.734, -60.2234]
[-2.64823, 83.7733, -24.5467, -60.2234]
[-7.60778, 83.7733, -19.5872, -60.2234]
[-7.60778, 77.1763, -12.9902, -60.2234]
[-3.25624, 77.1763, -17.3417, -60.2234]
[0.9012, 77.1763, -21.4992, -60.2234]
[-4.89634, 77.1763, -21.4992, -54.4258]
[-7.62963, 79.9096, -21.4992, -54.4258]
[-10.2603, 82.5402, -21.4992, -54.4258]
[-15.7039, 82.5402, -21.4992, -48.9822]
[-15.7039, 84.4329, -21.4992, -50.8748]
[-15.7039, 86.2696, -21.4992, -52.7116]
[-15.7039, 86.2696, -26.6633, -47.5474]
[-11.4768, 86.2696, -30.8904, -47.5474]
[-4.97829, 79.7711, -30.8904, -47.5474]
[-10.0263, 79.7711, -25.8423, -47.5474]
[-10.0263, 81.7272, -25.8423, -49.5035]
[-3.63567, 75.3365, -25.8423, -49.5035]
[-3.63567, 75.3365, -21.8971, -53.4488]
[-8.51471, 75.3365, -17.018, -53.4488]
[-8.51471, 77.8787, -19.5602, -53.4488]
[-4.28956, 77.8787, -23.7853, -53.4488]
[-0.895257, 77.8787, -23.7853, -56.8431]
[3.06702, 77.8787, -27.7476, -56.8431]
[-2.08843, 77.8787, -22.5921, -56.8431]
[-2.08843, 77.8787, -27.8224, -51.6128]
[-2.08843, 71.2413, -21.1851, -51.6128]
[-2.08843, 64.3228, -21.1851, -44.6943]
[-2.08843, 58.0476, -14.9099, -44.6943]
[-2.08843, 58.0476, -20.0429, -39.5613]
[3.68892, 52.2703, -20.0429, -39.5613]
[9.22616, 46.733, -20.0429, -39.5613]
[3.68457, 46.733, -20.0429, -34.0198]
[0.160653, 50.257, -20.0429, -34.0198]
[0.160653, 44.2749, -14.0608, -34.0198]
[-3.34053, 47.7761, -14.0608, -34.0198]
[-3.34053, 47.7761, -10.0338, -38.0468]
[-3.34053, 42.0465, -4.30415, -38.0468]
[-3.34053, 44.8175, -4.30415, -40.8178]
[-3.34053, 44.8175, -9.58348, -35.5385]
[-3.34053, 48.1021, -12.8681, -35.5385]
[-3.34053, 48.1021, -17.8447, -30.5619]
[0.807591, 48.1021, -21.9928, -30.5619]
[0.807591, 51.0679, -24.9586, -30.5619]
[0.807591, 44.9735, -18.8642, -30.5619]
[0.807591, 44.9735, -23.5973, -25.8288]
[0.807591, 44.9735, -28.1191, -21.307]
[0.807591, 47.8802, -31.0257, -21.307]
[4.78699, 47.8802, -31.0257, -25.2864]
[4.78699, 41.8416, -31.0257, -19.2479]
[8.46655, 41.8416, -34.7053, -19.2479]
[12.3227, 41.8416, -34.7053, -23.104]
[8.50608, 45.6582, -34.7053, -23.104]
[12.277, 45.6582, -34.7053, -26.8749]
[6.77355, 45.6582, -29.2018, -26.8749]
[6.77355, 48.5303, -32.0739, -26.8749]
[6.77355, 51.2915, -34.8351, -26.8749]
[1.38454, 51.2915, -29.4461, -26.8749]
[1.38454, 54.0502, -32.2048, -26.8749]
[7.00748, 48.4273, -32.2048, -26.8749]
[7.00748, 48.4273, -36.5575, -22.5222]
[3.44872, 51.986, -36.5575, -22.5222]
[3.44872, 54.8649, -36.5575, -25.4011]
[0.101818, 58.2118, -36.5575, -25.4011]
[0.101818, 51.9723, -36.5575, -19.1616]
[3.76306, 51.9723, -40.2188, -19.1616]
[7.72457, 51.9723, -40.2188, -23.1231]
[11.1445, 51.9723, -43.6387, -23.1231]
[11.1445, 54.4556, -46.122, -23.1231]
[11.1445, 54.4556, -50.0819, -19.1632]
[11.1445, 54.4556, -53.8679, -15.3772]
[11.1445, 56.7174, -56.1297, -15.3772]
[11.1445, 56.7174, -59.7028, -11.8041]
[11.1445, 59.7144, -59.7028, -14.8012]
[11.1445, 52.8502, -52.8386, -14.8012]
[11.1445, 52.8502, -47.5264, -20.1134]
[11.1445, 52.8502, -51.3891, -16.2507]
[11.1445, 46.238, -44.7769, -16.2507]
[5.4539, 46.238, -39.0863, -16.2507]
[5.4539, 39.9663, -32.8145, -16.2507]
[5.4539, 34.2695, -32.8145, -10.5539]
[5.4539, 34.2695, -36.7907, -6.57775]
[1.62191, 38.1015, -36.7907, -6.57775]
[1.62191, 41.5907, -36.7907, -10.0669]
[1.62191, 41.5907, -40.6686, -6.18904]
[1.62191, 44.3204, -43.3983, -6.18904]
[1.62191, 38.7426, -43.3983, -0.61124]
[1.62191, 38.7426, -46.9278, 2.91826]
[1.62191, 41.4081, -49.5933, 2.91826]
[1.62191, 45.0298, -49.5933, -0.70346]
[1.62191, 48.4966, -49.5933, -4.17021]
[1.62191, 51.8173, -49.5933, -7.49097]
[4.97303, 51.8173, -52.9444, -7.49097]
[4.97303, 54.1399, -55.2669, -7.49097]
[1.57888, 57.534, -55.2669, -7.49097]
[4.81287, 57.534, -58.5009, -7.49097]
[4.81287, 59.668, -60.6349, -7.49097]
[4.81287, 62.6922, -60.6349, -10.5152]
[-1.07227, 62.6922, -54.7498, -10.5152]
[-1.07227, 62.6922, -49.3047, -15.9603]
[-1.07227, 65.4909, -49.3047, -18.7589]
[-1.07227, 65.4909, -53.0988, -14.9648]
[2.26186, 65.4909, -56.433, -14.9648]
[5.45777, 65.4909, -59.6289, -14.9648]
[5.45777, 67.4808, -61.6188, -14.9648]
[8.48366, 67.4808, -64.6447, -14.9648]
[2.44587, 67.4808, -58.6069, -14.9648]
[2.44587, 67.4808, -62.1181, -11.4535]
[-3.42146, 67.4808, -56.2508, -11.4535]
[-3.42146, 67.4808, -59.7375, -7.96689]
[-3.42146, 69.4384, -61.6951, -7.96689]
[87.2056, -21.1887, -61.6951, -7.96689]
[89.6968, -21.1887, -61.6951, -10.4581]
[89.6968, -25.4208, -61.6951, -6.2259]
[89.6968, -30.695, -56.4209, -6.2259]
[89.6968, -30.695, -59.7935, -2.85338]
[82.3914, -30.695, -52.4881, -2.85338]
[82.3914, -30.695, -55.8724, 0.530923]
[82.3914, -26.7831, -59.7843, 0.530923]
[84.13, -26.7831, -61.5228, 0.530923]
[77.4046, -20.0577, -61.5228, 0.530923]
[77.4046, -16.4999, -65.0806, 0.530923]
[80.2375, -16.4999, -65.0806, -2.30202]
[80.2375, -16.4999, -59.2494, -8.13321]
[80.2375, -16.4999, -62.6026, -4.78002]
[81.9668, -16.4999, -64.3319, -4.78002]
[81.9668, -16.4999, -67.5102, -1.6017]
[81.9668, -20.6393, -67.5102, 2.53766]
[83.6053, -20.6393, -69.1487, 2.53766]
[83.6053, -20.6393, -72.083, 5.47196]
[83.6053, -20.6393, -74.9028, 8.29173]
[86.4686, -20.6393, -74.9028, 5.4285]
[79.0102, -20.6393, -67.4444, 5.4285]
[79.0102, -24.5316, -67.4444, 9.32078]
[71.7458, -24.5316, -60.1801, 9.32078]
[74.8655, -24.5316, -60.1801, 6.20108]
[74.8655, -24.5316, -63.2199, 9.2409]
[77.9206, -24.5316, -63.2199, 6.18588]
[77.9206, -24.5316, -57.2556, 0.221587]
[77.9206, -29.7287, -52.0585, 0.221587]
[80.1938, -32.0019, -52.0585, 0.221587]
[82.0755, -32.0019, -53.9403, 0.221587]
[84.813, -32.0019, -53.9403, -2.51585]
[87.4475, -32.0019, -53.9403, -5.15041]
[87.4475, -35.877, -53.9403, -1.27535]
[89.4654, -37.8948, -53.9403, -1.27535]
[89.4654, -37.8948, -48.3173, -6.89827]
[91.4208, -39.8502, -48.3173, -6.89827]
[91.4208, -39.8502, -42.9324, -12.2832]
[91.4208, -44.391, -38.3916, -12.2832]
[93.3391, -44.391, -40.3099, -12.2832]
[95.2002, -44.391, -42.171, -12.2832]
[95.2002, -48.8132, -37.7487, -12.2832]
[88.5325, -48.8132, -37.7487, -5.61554]
[81.396, -41.6767, -37.7487, -5.61554]
[81.396, -37.117, -42.3084, -5.61554]
[83.49, -39.211, -42.3084, -5.61554]
[83.49, -33.995, -42.3084, -10.8316]
[83.49, -29.7089, -46.5945, -10.8316]
[83.49, -29.7089, -41.3314, -16.0947]
[85.6704, -31.8893, -41.3314, -16.0947]
[85.6704, -27.065, -41.3314, -20.919]
[85.6704, -31.8554, -36.5411, -20.919]
[87.7803, -33.9652, -36.5411, -20.919]
[87.7803, -33.9652, -40.6644, -16.7957]
[87.7803, -29.1104, -40.6644, -21.6505]
[89.7192, -29.1104, -42.6033, -21.6505]
[91.9299, -29.1104, -42.6033, -23.8612]
[93.9837, -31.1642, -42.6033, -23.8612]
[93.9837, -26.5291, -42.6033, -28.4963]
[87.1021, -19.6475, -42.6033, -28.4963]
[89.3906, -21.936, -42.6033, -28.4963]
[91.4946, -21.936, -42.6033, -30.6004]
[93.3491, -21.936, -44.4578, -30.6004]
[95.4953, -24.0822, -44.4578, -30.6004]
[97.5723, -26.1592, -44.4578, -30.6004]
[90.5717, -26.1592, -44.4578, -23.5997]
[92.4125, -26.1592, -46.2986, -23.5997]
[94.5469, -26.1592, -46.2986, -25.7341]
[87.3604, -26.1592, -39.1121, -25.7341]
[89.5425, -26.1592, -39.1121, -27.9163]
[89.5425, -26.1592, -43.3339, -23.6945]
[91.415, -26.1592, -45.2064, -23.6945]
[93.5641, -26.1592, -45.2064, -25.8435]
[93.5641, -26.1592, -40.303, -30.747]
[93.5641, -30.7336, -40.303, -26.1726]
[95.6385, -30.7336, -40.303, -28.247]
[97.6476, -30.7336, -40.303, -30.2561]
[97.6476, -30.7336, -35.6066, -34.9524]
[97.6476, -26.3707, -39.9696, -34.9524]
[90.5072, -26.3707, -32.8291, -34.9524]
[90.5072, -30.9869, -28.2129, -34.9524]
[90.5072, -35.3967, -23.8031, -34.9524]
[92.485, -37.3745, -23.8031, -34.9524]
[92.485, -32.5997, -28.5779, -34.9524]
[94.4754, -34.5901, -28.5779, -34.9524]
[94.4754, -38.9276, -24.2404, -34.9524]
[96.5662, -38.9276, -26.3312, -34.9524]
[98.5907, -38.9276, -28.3557, -34.9524]
[100.395, -40.7323, -28.3557, -34.9524]
[102.33, -40.7323, -30.29, -34.9524]
[95.1941, -40.7323, -30.29, -27.8168]
[95.1941, -44.9158, -30.29, -23.6333]
[96.9617, -46.6834, -30.29, -23.6333]
[98.6798, -48.4015, -30.29, -23.6333]
[100.351, -50.0724, -30.29, -23.6333]
[102.358, -50.0724, -30.29, -25.6408]
[102.358, -50.0724, -25.7142, -30.2166]
[104.235, -50.0724, -25.7142, -32.0936]
[104.235, -54.1433, -25.7142, -28.0227]
[106.151, -54.1433, -27.6304, -28.0227]
[106.151, -54.1433, -32.111, -23.542]
[107.945, -54.1433, -33.905, -23.542]
[109.838, -54.1433, -33.905, -25.4352]
[111.676, -54.1433, -33.905, -27.2724]
[111.676, -49.2205, -38.8279, -27.2724]
[111.676, -49.2205, -43.0416, -23.0586]
[104.302, -49.2205, -35.6675, -23.0586]
[97.1275, -49.2205, -28.4934, -23.0586]
[90.2511, -49.2205, -28.4934, -16.1822]
[92.0278, -50.9972, -28.4934, -16.1822]
[93.7545, -52.7239, -28.4934, -16.1822]
[86.8455, -52.7239, -21.5844, -16.1822]
[89.1979, -52.7239, -21.5844, -18.5347]
[90.94, -54.466, -21.5844, -18.5347]
[90.94, -58.2092, -17.8412, -18.5347]
[93.1941, -58.2092, -20.0953, -18.5347]
[93.1941, -61.839, -16.4655, -18.5347]
[95.3989, -61.839, -16.4655, -20.7394]
[95.3989, -61.839, -12.0892, -25.1157]
[95.3989, -65.4989, -12.0892, -21.4559]
[97.5196, -65.4989, -12.0892, -23.5766]
[99.5724, -65.4989, -12.0892, -25.6295]
[101.778, -65.4989, -14.295, -25.6295]
[94.7893, -65.4989, -14.295, -18.6405]
[94.7893, -65.4989, -18.864, -14.0715]
[88.0984, -65.4989, -18.864, -7.3805]
[81.4395, -65.4989, -12.2052, -7.3805]
[81.4395, -68.8065, -8.89753, -7.3805]
[81.4395, -63.0028, -8.89753, -13.1842]
[83.1466, -64.7098, -8.89753, -13.1842]
[85.617, -64.7098, -8.89753, -15.6546]
[88, -64.7098, -8.89753, -18.0376]
[90.3007, -64.7098, -8.89753, -20.3383]
[91.8664, -66.2756, -8.89753, -20.3383]
[91.8664, -69.7381, -8.89753, -16.8759]
[94.2584, -69.7381, -11.2895, -16.8759]
[94.2584, -64.111, -11.2895, -22.5029]
[86.8375, -56.6902, -11.2895, -22.5029]
[86.8375, -60.405, -11.2895, -18.7881]
[89.1452, -60.405, -11.2895, -21.0958]
[90.7828, -62.0426, -11.2895, -21.0958]
[93.1519, -62.0426, -13.6585, -21.0958]
[93.1519, -62.0426, -9.35289, -25.4015]
[95.5134, -62.0426, -11.7144, -25.4015]
[95.5134, -62.0426, -7.54813, -29.5678]
[95.5134, -62.0426, -12.5104, -24.6055]
[95.5134, -65.429, -9.1239, -24.6055]
[95.5134, -59.7304, -14.8225, -24.6055]
[95.5134, -59.7304, -19.5129, -19.9151]
[97.6573, -59.7304, -19.5129, -22.059]
[97.6573, -63.315, -15.9283, -22.059]
[99.1476, -64.8053, -15.9283, -22.059]
[99.1476, -59.2618, -21.4718, -22.059]
[99.1476, -53.9549, -26.7787, -22.059]
[92.1813, -53.9549, -19.8125, -22.059]
[92.1813, -57.6707, -16.0967, -22.059]
[94.4439, -57.6707, -18.3592, -22.059]
[96.0474, -59.2742, -18.3592, -22.059]
[96.0474, -53.9001, -23.7334, -22.059]
[88.736, -46.5886, -23.7334, -22.059]
[90.5725, -48.4251, -23.7334, -22.059]
[90.5725, -52.3477, -19.8108, -22.059]
[92.7997, -52.3477, -22.038, -22.059]
[94.497, -54.045, -22.038, -22.059]
[94.497, -54.045, -26.5103, -17.5867]
[94.497, -54.045, -30.7828, -13.3142]
[87.5407, -54.045, -23.8265, -13.3142]
[87.5407, -48.9026, -28.969, -13.3142]
[80.7233, -48.9026, -22.1515, -13.3142]
[80.7233, -48.9026, -26.4259, -9.0398]
[80.7233, -52.874, -22.4545, -9.0398]
[80.7233, -47.4374, -22.4545, -14.4764]
[80.7233, -51.1789, -22.4545, -10.7349]
[80.7233, -51.1789, -17.7209, -15.4685]
[83.1561, -51.1789, -20.1537, -15.4685]
[85.0071, -53.0299, -20.1537, -15.4685]
[87.3227, -53.0299, -22.4694, -15.4685]
[89.0869, -54.7941, -22.4694, -15.4685]
[91.413, -54.7941, -22.4694, -17.7946]
[91.413, -49.5042, -22.4694, -23.0844]
[93.5721, -49.5042, -22.4694, -25.2435]
[95.2981, -51.2302, -22.4694, -25.2435]
[95.2981, -55.0634, -18.6362, -25.2435]
[97.4664, -55.0634, -20.8045, -25.2435]
[99.0645, -56.6615, -20.8045, -25.2435]
[99.0645, -56.6615, -25.3756, -20.6724]
[100.621, -58.218, -25.3756, -20.6724]
[93.1943, -50.7913, -25.3756, -20.6724]
[93.1943, -54.5947, -25.3756, -16.8689]
[95.4268, -54.5947, -25.3756, -19.1015]
[95.4268, -58.2812, -25.3756, -15.415]
[95.4268, -61.809, -25.3756, -11.8872]
[95.4268, -56.5314, -30.6532, -11.8872]
[97.4019, -56.5314, -32.6283, -11.8872]
[98.9817, -58.1112, -32.6283, -11.8872]
[98.9817, -58.1112, -27.6944, -16.8211]
[98.9817, -52.729, -27.6944, -22.2033]
[100.948, -52.729, -29.6603, -22.2033]
[100.948, -52.729, -25.0218, -26.8418]
[100.948, -52.729, -20.5906, -31.273]
[100.948, -52.729, -25.3011, -26.5625]
[102.92, -52.729, -27.2736, -26.5625]
[104.833, -52.729, -29.1861, -26.5625]
[104.833, -52.729, -33.5993, -22.1493]
[106.624, -52.729, -35.3909, -22.1493]
[106.624, -52.729, -30.6234, -26.9168]
[106.624, -52.729, -35.0124, -22.5278]
[106.624, -56.8058, -30.9356, -22.5278]
[108.428, -56.8058, -32.7397, -22.5278]
[108.428, -60.7421, -28.8034, -22.5278]
[110.237, -60.7421, -30.6122, -22.5278]
[111.607, -62.1122, -30.6122, -22.5278]
[104.002, -54.5071, -30.6122, -22.5278]
[96.9053, -54.5071, -23.5154, -22.5278]
[96.9053, -58.2915, -19.731, -22.5278]
[96.9053, -58.2915, -15.3217, -26.9372]
[96.9053, -58.2915, -20.0529, -22.2059]
[96.9053, -52.9749, -25.3695, -22.2059]
[96.9053, -47.8205, -25.3695, -27.3603]
[96.9053, -47.8205, -29.8859, -22.844]
[96.9053, -51.8924, -25.814, -22.844]
[96.9053, -55.7844, -21.9219, -22.844]
[96.9053, -59.5264, -21.9219, -19.102]
[98.9942, -59.5264, -24.0109, -19.102]
[98.9942, -59.5264, -19.4293, -23.6836]
[98.9942, -63.2053, -19.4293, -20.0047]
[98.9942, -66.7259, -19.4293, -16.484]
[91.4828, -59.2144, -19.4293, -16.484]
[91.4828, -62.8083, -15.8354, -16.484]
[93.7616, -62.8083, -18.1143, -16.484]
[93.7616, -66.2625, -18.1143, -13.0298]
[93.7616, -69.6781, -14.6987, -13.0298]
[93.7616, -69.6781, -19.1332, -8.59528]
[93.7616, -69.6781, -14.4259, -13.3025]
[93.7616, -72.9451, -11.159, -13.3025]
[93.7616, -76.1216, -11.159, -10.1261]
[93.7616, -79.1899, -8.09063, -10.1261]
[93.7616, -82.1358, -5.14475, -10.1261]
[93.7616, -84.9665, -2.31408, -10.1261]
[93.7616, -87.6888, 0.408218, -10.1261]
[93.7616, -87.6888, -4.29896, -5.41889]
[96.1814, -87.6888, -4.29896, -7.83866]
[98.5783, -87.6888, -6.69586, -7.83866]
[100.872, -87.6888, -6.69586, -10.1328]
[100.872, -87.6888, -11.2446, -5.58415]
[100.872, -90.53, -8.4033, -5.58415]
[100.872, -90.53, -12.8121, -1.17532]
[100.872, -90.53, -17.0241, 3.03665]
[100.872, -93.0502, -17.0241, 5.55678]
[100.872, -93.0502, -12.0495, 0.582157]
[100.872, -95.5691, -12.0495, 3.1011]
[103.317, -95.5691, -12.0495, 0.656371]
[103.317, -95.5691, -16.2376, 4.84452]
[103.317, -95.5691, -11.2961, -0.096985]
[103.317, -95.5691, -6.57412, -4.81899]
[103.317, -98.1405, -6.57412, -2.24757]
[103.317, -98.1405, -10.9493, 2.12757]
[105.48, -98.1405, -13.1121, 2.12757]
[105.48, -98.1405, -8.30017, -2.68438]
[107.651, -98.1405, -10.471, -2.68438]
[107.651, -91.825, -16.7865, -2.68438]
[109.651, -91.825, -18.787, -2.68438]
[109.651, -94.426, -18.787, -0.0833714]
[110.68, -95.4545, -18.787, -0.0833714]
[111.69, -96.4643, -18.787, -0.0833714]
[111.69, -96.4643, -13.8982, -4.97222]
[111.69, -96.4643, -18.1706, -0.699803]
[103.738, -88.5125, -18.1706, -0.699803]
[103.738, -88.5125, -13.3091, -5.56131]
[103.738, -91.2291, -13.3091, -2.84467]
[103.738, -84.9004, -13.3091, -9.17341]
[103.738, -84.9004, -17.6885, -4.794]
[105.785, -84.9004, -19.7361, -4.794]
[106.942, -86.0571, -19.7361, -4.794]
[106.942, -86.0571, -23.8745, -0.655619]
[109.216, -86.0571, -23.8745, -2.92972]
[111.414, -86.0571, -23.8745, -5.12755]
[111.414, -86.0571, -27.9284, -1.07364]
[111.414, -86.0571, -31.8034, 2.80135]
[113.671, -86.0571, -31.8034, 0.544419]
[115.853, -86.0571, -31.8034, -1.6372]
[115.853, -89.3448, -28.5157, -1.6372]
[117.561, -89.3448, -30.2238, -1.6372]
[119.222, -89.3448, -31.8851, -1.6372]
[119.222, -92.5661, -28.6638, -1.6372]
[111.938, -92.5661, -21.38, -1.6372]
[111.938, -92.5661, -16.4681, -6.54907]
[112.963, -93.5907, -16.4681, -6.54907]
[113.969, -94.5968, -16.4681, -6.54907]
[116.031, -94.5968, -16.4681, -8.61109]
[117.909, -94.5968, -18.3462, -8.61109]
[119.877, -94.5968, -18.3462, -10.5794]
[119.877, -97.4418, -15.5012, -10.5794]
[112.842, -97.4418, -15.5012, -3.54426]
[112.842, -97.4418, -19.706, 0.660567]
[112.842, -97.4418, -23.7241, 4.67861]
[106.163, -97.4418, -23.7241, 11.3578]
[106.163, -90.7518, -23.7241, 4.66787]
[106.163, -90.7518, -27.5653, 8.50914]
[106.163, -90.7518, -31.2392, 12.183]
[108.676, -90.7518, -31.2392, 9.67038]
[111.099, -90.7518, -31.2392, 7.24751]
[113.437, -90.7518, -31.2392, 4.90929]
[115.141, -90.7518, -32.943, 4.90929]
[116.798, -90.7518, -34.6003, 4.90929]
[116.798, -90.7518, -38.2001, 8.50906]
[116.798, -90.7518, -41.6461, 11.9551]
[116.798, -90.7518, -36.0037, 6.31266]
[116.798, -90.7518, -39.5432, 9.85223]
[110.139, -90.7518, -39.5432, 16.5108]
[110.139, -90.7518, -42.7936, 19.7611]
[110.139, -90.7518, -45.9107, 22.8782]
[110.139, -83.9814, -45.9107, 16.1078]
[110.139, -86.3852, -45.9107, 18.5116]
[110.139, -86.3852, -48.9899, 21.5908]
[110.139, -81.0868, -54.2883, 21.5908]
[102.347, -73.2944, -54.2883, 21.5908]
[96.1615, -73.2944, -54.2883, 27.7762]
[96.1615, -75.681, -54.2883, 30.1628]
[99.209, -75.681, -54.2883, 27.1153]
[91.5906, -68.0626, -54.2883, 27.1153]
[91.5906, -68.0626, -57.0343, 29.8613]
[91.5906, -68.0626, -50.7332, 23.5602]
[91.5906, -63.2042, -55.5916, 23.5602]
[91.5906, -56.9056, -55.5916, 17.2615]
[84.3164, -56.9056, -48.3173, 17.2615]
[77.2487, -56.9056, -41.2497, 17.2615]
[79.343, -56.9056, -43.3439, 17.2615]
[81.3708, -56.9056, -45.3717, 17.2615]
[81.3708, -56.9056, -48.4872, 20.377]
[81.3708, -56.9056, -51.4774, 23.3672]
[81.3708, -61.2561, -47.1269, 23.3672]
[81.3708, -54.9975, -47.1269, 17.1086]
[81.3708, -59.2934, -42.8309, 17.1086]
[81.3708, -53.1918, -42.8309, 11.0069]
[74.4312, -53.1918, -35.8914, 11.0069]
[74.4312, -53.1918, -39.3334, 14.449]
[76.6023, -53.1918, -41.5045, 14.449]
[79.7276, -53.1918, -41.5045, 11.3238]
[81.7783, -53.1918, -43.5552, 11.3238]
[75.7932, -53.1918, -43.5552, 17.3088]
[75.7932, -57.4484, -39.2987, 17.3088]
[70.0497, -57.4484, -39.2987, 23.0523]
[72.2942, -57.4484, -41.5432, 23.0523]
[74.4641, -57.4484, -43.7131, 23.0523]
[76.5635, -57.4484, -45.8125, 23.0523]
[76.5635, -60.2116, -45.8125, 25.8155]
[76.5635, -60.2116, -48.748, 28.751]
[71.0425, -60.2116, -48.748, 34.272]
[74.7014, -60.2116, -48.748, 30.6132]
[74.7014, -62.7816, -48.748, 33.1832]
[76.5066, -64.5868, -48.748, 33.1832]
[78.4944, -64.5868, -50.7358, 33.1832]
[78.4944, -68.7495, -46.5731, 33.1832]
[81.9701, -68.7495, -46.5731, 29.7075]
[74.6484, -61.4278, -46.5731, 29.7075]
[74.6484, -63.9921, -46.5731, 32.2719]
[74.6484, -68.0755, -42.4898, 32.2719]
[67.8208, -68.0755, -35.6622, 32.2719]
[69.649, -69.9037, -35.6622, 32.2719]
[69.649, -69.9037, -29.7272, 26.3369]
[69.649, -64.5454, -35.0855, 26.3369]
[71.502, -66.3984, -35.0855, 26.3369]
[73.7933, -66.3984, -37.3768, 26.3369]
[73.7933, -66.3984, -31.5266, 20.4867]
[77.1007, -66.3984, -31.5266, 17.1793]
[79.3574, -66.3984, -33.7833, 17.1793]
[79.3574, -66.3984, -28.196, 11.592]
[82.3695, -66.3984, -28.196, 8.57992]
[82.3695, -69.2682, -28.196, 11.4497]
[82.3695, -72.8344, -24.6298, 11.4497]
[75.7101, -72.8344, -17.9703, 11.4497]
[75.7101, -72.8344, -12.8454, 6.32471]
[78.6899, -72.8344, -12.8454, 3.34487]
[78.6899, -66.7371, -12.8454, -2.75245]
[78.6899, -66.7371, -17.0918, 1.49393]
[80.3833, -68.4305, -17.0918, 1.49393]
[82.8333, -68.4305, -19.5418, 1.49393]
[82.8333, -68.4305, -14.6013, -3.44654]
[82.8333, -62.7833, -20.2485, -3.44654]
[82.8333, -66.3182, -16.7136, -3.44654]
[82.8333, -66.3182, -20.8892, 0.729109]
[82.8333, -69.3447, -20.8892, 3.75558]
[82.8333, -63.8101, -26.4238, 3.75558]
[82.8333, -63.8101, -21.2822, -1.38599]
[82.8333, -63.8101, -25.3107, 2.64246]
[82.8333, -63.8101, -29.1616, 6.49335]
[85.0337, -63.8101, -31.3619, 6.49335]
[85.0337, -67.5628, -27.6093, 6.49335]
[85.0337, -70.4505, -27.6093, 9.38111]
[78.2796, -70.4505, -20.8552, 9.38111]
[81.2691, -70.4505, -20.8552, 6.39159]
[81.2691, -73.2841, -20.8552, 9.22515]
[81.2691, -76.0091, -20.8552, 11.9502]
[81.2691, -79.2781, -17.5862, 11.9502]
[81.2691, -81.8408, -17.5862, 14.5128]
[81.2691, -75.9797, -23.4472, 14.5128]
[81.2691, -69.6121, -23.4472, 8.14525]
[81.2691, -69.6121, -27.2185, 11.9165]
[81.2691, -72.3557, -27.2185, 14.6602]
[73.9091, -64.9958, -27.2185, 14.6602]
[66.7502, -57.8369, -27.2185, 14.6602]
[66.7502, -57.8369, -21.8237, 9.26537]
[66.7502, -57.8369, -16.6623, 4.10393]
[66.7502, -57.8369, -20.6715, 8.11313]
[66.7502, -61.4872, -17.0212, 8.11313]
[59.7486, -54.4855, -17.0212, 8.11313]
[61.912, -56.6489, -17.0212, 8.11313]
[64.0052, -58.7422, -17.0212, 8.11313]
[66.7584, -58.7422, -19.7744, 8.11313]
[60.4641, -58.7422, -13.48, 8.11313]
[60.4641, -61.7725, -13.48, 11.1434]
[60.4641, -64.6826, -13.48, 14.0536]
[60.4641, -64.6826, -17.3401, 17.9136]
[63.279, -64.6826, -20.1551, 17.9136]
[57.0428, -64.6826, -13.9189, 17.9136]
[50.142, -57.7818, -13.9189, 17.9136]
[52.4106, -60.0504, -13.9189, 17.9136]
[55.4515, -60.0504, -16.9598, 17.9136]
[55.4515, -54.6297, -22.3805, 17.9136]
[58.2659, -54.6297, -25.1949, 17.9136]
[58.2659, -54.6297, -19.7738, 12.4926]
[61.0763, -54.6297, -22.5842, 12.4926]
[54.8358, -54.6297, -16.3437, 12.4926]
[48.8364, -54.6297, -10.3443, 12.4926]
[48.8364, -54.6297, -5.36404, 7.51229]
[51.1813, -56.9746, -5.36404, 7.51229]
[51.1813, -56.9746, -9.5484, 11.6966]
[51.1813, -51.4617, -15.0612, 11.6966]
[51.1813, -54.5665, -15.0612, 14.8015]
[51.1813, -48.603, -15.0612, 8.83793]
[54.2239, -48.603, -18.1038, 8.83793]
[57.698, -48.603, -18.1038, 5.3638]
[57.698, -43.4544, -23.2524, 5.3638]
[57.698, -43.4544, -27.0888, 9.20015]
[57.698, -43.4544, -21.8143, 3.92568]
[57.698, -47.4443, -17.8244, 3.92568]
[57.698, -42.315, -22.9538, 3.92568]
[52.052, -42.315, -22.9538, 9.5717]
[55.5881, -42.315, -22.9538, 6.03564]
[49.4451, -42.315, -16.8108, 6.03564]
[49.4451, -42.315, -20.774, 9.99888]
[51.9981, -44.8679, -20.774, 9.99888]
[45.5152, -38.3851, -20.774, 9.99888]
[45.5152, -33.5204, -25.6386, 9.99888]
[45.5152, -37.8162, -21.3429, 9.99888]
[48.5455, -37.8162, -24.3732, 9.99888]
